Sample	0	1	2	3	4	5	6	7	8	9	10	11	12	13	14	15	16	17	18	19	20	21	22	23	24	25	26	27	28	29	30	31	32	33	34	35
Bch-16S-V3V4-001-2_S1_L002_R1_001	(2.0, 2.0)	(3.0, 0.0)	(4.0, 0.0)	(5.0, 0.0)	(6.0, 0.0)	(7.0, 0.0)	(8.0, 0.0)	(9.0, 0.0)	(10.0, 0.0)	(11.0, 0.0)	(12.0, 0.0)	(13.0, 0.0)	(14.0, 0.0)	(15.0, 1.0)	(16.0, 2.0)	(17.0, 4.0)	(18.0, 9.0)	(19.0, 8.0)	(20.0, 19.0)	(21.0, 44.0)	(22.0, 172.0)	(23.0, 387.0)	(24.0, 825.0)	(25.0, 1510.0)	(26.0, 2349.0)	(27.0, 3285.0)	(28.0, 4612.0)	(29.0, 6432.0)	(30.0, 8549.0)	(31.0, 11402.0)	(32.0, 16136.0)	(33.0, 21817.0)	(34.0, 21384.0)	(35.0, 9206.0)	(36.0, 847.0)	(37.0, 1.0)
Bch-16S-V3V4-001-2_S1_L002_R2_001	(12.0, 10.0)	(13.0, 55.0)	(14.0, 86.0)	(15.0, 97.0)	(16.0, 44.0)	(17.0, 32.0)	(18.0, 20.0)	(19.0, 34.0)	(20.0, 43.0)	(21.0, 58.0)	(22.0, 94.0)	(23.0, 155.0)	(24.0, 194.0)	(25.0, 234.0)	(26.0, 284.0)	(27.0, 443.0)	(28.0, 740.0)	(29.0, 1214.0)	(30.0, 1966.0)	(31.0, 3255.0)	(32.0, 5496.0)	(33.0, 8741.0)	(34.0, 15353.0)	(35.0, 33267.0)	(36.0, 37051.0)	(37.0, 37.0)										
Bch-16S-V3V4-002-2_S2_L002_R1_001	(2.0, 9.0)	(3.0, 0.0)	(4.0, 0.0)	(5.0, 0.0)	(6.0, 0.0)	(7.0, 0.0)	(8.0, 0.0)	(9.0, 0.0)	(10.0, 0.0)	(11.0, 0.0)	(12.0, 0.0)	(13.0, 0.0)	(14.0, 0.0)	(15.0, 0.0)	(16.0, 0.0)	(17.0, 2.0)	(18.0, 5.0)	(19.0, 7.0)	(20.0, 29.0)	(21.0, 56.0)	(22.0, 163.0)	(23.0, 348.0)	(24.0, 513.0)	(25.0, 478.0)	(26.0, 863.0)	(27.0, 1408.0)	(28.0, 1969.0)	(29.0, 2739.0)	(30.0, 3582.0)	(31.0, 5134.0)	(32.0, 7238.0)	(33.0, 11401.0)	(34.0, 18883.0)	(35.0, 38234.0)	(36.0, 48450.0)	(37.0, 53.0)
Bch-16S-V3V4-002-2_S2_L002_R2_001	(2.0, 5.0)	(3.0, 0.0)	(4.0, 0.0)	(5.0, 0.0)	(6.0, 0.0)	(7.0, 0.0)	(8.0, 0.0)	(9.0, 0.0)	(10.0, 0.0)	(11.0, 0.0)	(12.0, 5.0)	(13.0, 26.0)	(14.0, 112.0)	(15.0, 118.0)	(16.0, 82.0)	(17.0, 48.0)	(18.0, 28.0)	(19.0, 39.0)	(20.0, 72.0)	(21.0, 113.0)	(22.0, 230.0)	(23.0, 452.0)	(24.0, 783.0)	(25.0, 449.0)	(26.0, 647.0)	(27.0, 885.0)	(28.0, 1368.0)	(29.0, 2206.0)	(30.0, 3255.0)	(31.0, 5204.0)	(32.0, 7949.0)	(33.0, 11905.0)	(34.0, 18951.0)	(35.0, 37672.0)	(36.0, 48877.0)	(37.0, 83.0)
Bch-16S-V3V4-003-2_S3_L002_R1_001	(2.0, 32.0)	(3.0, 0.0)	(4.0, 0.0)	(5.0, 0.0)	(6.0, 0.0)	(7.0, 0.0)	(8.0, 0.0)	(9.0, 0.0)	(10.0, 0.0)	(11.0, 0.0)	(12.0, 0.0)	(13.0, 0.0)	(14.0, 0.0)	(15.0, 0.0)	(16.0, 2.0)	(17.0, 9.0)	(18.0, 22.0)	(19.0, 36.0)	(20.0, 113.0)	(21.0, 238.0)	(22.0, 677.0)	(23.0, 1443.0)	(24.0, 1478.0)	(25.0, 737.0)	(26.0, 1207.0)	(27.0, 1757.0)	(28.0, 2436.0)	(29.0, 3307.0)	(30.0, 4476.0)	(31.0, 5981.0)	(32.0, 8700.0)	(33.0, 13665.0)	(34.0, 21788.0)	(35.0, 43552.0)	(36.0, 47251.0)	(37.0, 40.0)
Bch-16S-V3V4-003-2_S3_L002_R2_001	(2.0, 23.0)	(3.0, 0.0)	(4.0, 0.0)	(5.0, 0.0)	(6.0, 0.0)	(7.0, 0.0)	(8.0, 0.0)	(9.0, 0.0)	(10.0, 0.0)	(11.0, 0.0)	(12.0, 7.0)	(13.0, 51.0)	(14.0, 108.0)	(15.0, 101.0)	(16.0, 69.0)	(17.0, 42.0)	(18.0, 32.0)	(19.0, 46.0)	(20.0, 91.0)	(21.0, 190.0)	(22.0, 432.0)	(23.0, 1091.0)	(24.0, 2659.0)	(25.0, 526.0)	(26.0, 738.0)	(27.0, 1091.0)	(28.0, 1576.0)	(29.0, 2446.0)	(30.0, 3763.0)	(31.0, 5860.0)	(32.0, 8764.0)	(33.0, 13337.0)	(34.0, 21088.0)	(35.0, 41920.0)	(36.0, 52783.0)	(37.0, 113.0)
Bch-16S-V3V4-004-2_S4_L002_R1_001	(2.0, 6.0)	(3.0, 0.0)	(4.0, 0.0)	(5.0, 0.0)	(6.0, 0.0)	(7.0, 0.0)	(8.0, 0.0)	(9.0, 0.0)	(10.0, 0.0)	(11.0, 0.0)	(12.0, 0.0)	(13.0, 0.0)	(14.0, 0.0)	(15.0, 0.0)	(16.0, 1.0)	(17.0, 1.0)	(18.0, 3.0)	(19.0, 5.0)	(20.0, 9.0)	(21.0, 31.0)	(22.0, 97.0)	(23.0, 249.0)	(24.0, 306.0)	(25.0, 384.0)	(26.0, 686.0)	(27.0, 1056.0)	(28.0, 1534.0)	(29.0, 1956.0)	(30.0, 2690.0)	(31.0, 3490.0)	(32.0, 5176.0)	(33.0, 8016.0)	(34.0, 13222.0)	(35.0, 26908.0)	(36.0, 37264.0)	(37.0, 49.0)
Bch-16S-V3V4-004-2_S4_L002_R2_001	(2.0, 5.0)	(3.0, 0.0)	(4.0, 0.0)	(5.0, 0.0)	(6.0, 0.0)	(7.0, 0.0)	(8.0, 0.0)	(9.0, 0.0)	(10.0, 0.0)	(11.0, 0.0)	(12.0, 5.0)	(13.0, 28.0)	(14.0, 70.0)	(15.0, 84.0)	(16.0, 58.0)	(17.0, 29.0)	(18.0, 18.0)	(19.0, 39.0)	(20.0, 65.0)	(21.0, 109.0)	(22.0, 183.0)	(23.0, 283.0)	(24.0, 542.0)	(25.0, 403.0)	(26.0, 547.0)	(27.0, 741.0)	(28.0, 1140.0)	(29.0, 1701.0)	(30.0, 2695.0)	(31.0, 4070.0)	(32.0, 5882.0)	(33.0, 8963.0)	(34.0, 13715.0)	(35.0, 27500.0)	(36.0, 34196.0)	(37.0, 68.0)
Bch-16S-V3V4-005-2_S5_L002_R1_001	(2.0, 2.0)	(3.0, 0.0)	(4.0, 0.0)	(5.0, 0.0)	(6.0, 0.0)	(7.0, 0.0)	(8.0, 0.0)	(9.0, 0.0)	(10.0, 0.0)	(11.0, 0.0)	(12.0, 0.0)	(13.0, 0.0)	(14.0, 0.0)	(15.0, 0.0)	(16.0, 0.0)	(17.0, 1.0)	(18.0, 3.0)	(19.0, 7.0)	(20.0, 25.0)	(21.0, 48.0)	(22.0, 133.0)	(23.0, 325.0)	(24.0, 460.0)	(25.0, 460.0)	(26.0, 770.0)	(27.0, 1258.0)	(28.0, 1727.0)	(29.0, 2285.0)	(30.0, 3086.0)	(31.0, 4195.0)	(32.0, 5771.0)	(33.0, 9235.0)	(34.0, 15285.0)	(35.0, 31511.0)	(36.0, 41967.0)	(37.0, 41.0)
Bch-16S-V3V4-005-2_S5_L002_R2_001	(2.0, 1.0)	(3.0, 0.0)	(4.0, 0.0)	(5.0, 0.0)	(6.0, 0.0)	(7.0, 0.0)	(8.0, 0.0)	(9.0, 0.0)	(10.0, 0.0)	(11.0, 0.0)	(12.0, 10.0)	(13.0, 40.0)	(14.0, 92.0)	(15.0, 99.0)	(16.0, 43.0)	(17.0, 37.0)	(18.0, 27.0)	(19.0, 29.0)	(20.0, 69.0)	(21.0, 129.0)	(22.0, 208.0)	(23.0, 378.0)	(24.0, 824.0)	(25.0, 465.0)	(26.0, 742.0)	(27.0, 1050.0)	(28.0, 1405.0)	(29.0, 2282.0)	(30.0, 3505.0)	(31.0, 4945.0)	(32.0, 7399.0)	(33.0, 10879.0)	(34.0, 17010.0)	(35.0, 32157.0)	(36.0, 34706.0)	(37.0, 64.0)
Bch-16S-V3V4-006-2_S6_L002_R1_001	(2.0, 13.0)	(3.0, 0.0)	(4.0, 0.0)	(5.0, 0.0)	(6.0, 0.0)	(7.0, 0.0)	(8.0, 0.0)	(9.0, 0.0)	(10.0, 0.0)	(11.0, 0.0)	(12.0, 0.0)	(13.0, 0.0)	(14.0, 0.0)	(15.0, 1.0)	(16.0, 1.0)	(17.0, 3.0)	(18.0, 4.0)	(19.0, 9.0)	(20.0, 31.0)	(21.0, 67.0)	(22.0, 149.0)	(23.0, 367.0)	(24.0, 436.0)	(25.0, 481.0)	(26.0, 825.0)	(27.0, 1220.0)	(28.0, 1784.0)	(29.0, 2476.0)	(30.0, 3300.0)	(31.0, 4546.0)	(32.0, 6539.0)	(33.0, 10256.0)	(34.0, 16819.0)	(35.0, 33790.0)	(36.0, 46218.0)	(37.0, 60.0)
Bch-16S-V3V4-006-2_S6_L002_R2_001	(2.0, 9.0)	(3.0, 0.0)	(4.0, 0.0)	(5.0, 0.0)	(6.0, 0.0)	(7.0, 0.0)	(8.0, 0.0)	(9.0, 0.0)	(10.0, 0.0)	(11.0, 0.0)	(12.0, 9.0)	(13.0, 22.0)	(14.0, 91.0)	(15.0, 110.0)	(16.0, 55.0)	(17.0, 32.0)	(18.0, 25.0)	(19.0, 44.0)	(20.0, 70.0)	(21.0, 123.0)	(22.0, 244.0)	(23.0, 401.0)	(24.0, 740.0)	(25.0, 416.0)	(26.0, 673.0)	(27.0, 921.0)	(28.0, 1312.0)	(29.0, 2084.0)	(30.0, 3244.0)	(31.0, 4925.0)	(32.0, 7635.0)	(33.0, 11069.0)	(34.0, 17714.0)	(35.0, 35228.0)	(36.0, 42137.0)	(37.0, 62.0)
Bch-16S-V3V4-007-2_S7_L002_R1_001	(2.0, 40.0)	(3.0, 0.0)	(4.0, 0.0)	(5.0, 0.0)	(6.0, 0.0)	(7.0, 0.0)	(8.0, 0.0)	(9.0, 0.0)	(10.0, 0.0)	(11.0, 0.0)	(12.0, 0.0)	(13.0, 0.0)	(14.0, 0.0)	(15.0, 1.0)	(16.0, 0.0)	(17.0, 9.0)	(18.0, 18.0)	(19.0, 41.0)	(20.0, 109.0)	(21.0, 293.0)	(22.0, 741.0)	(23.0, 1574.0)	(24.0, 1356.0)	(25.0, 686.0)	(26.0, 1184.0)	(27.0, 1783.0)	(28.0, 2501.0)	(29.0, 3135.0)	(30.0, 4234.0)	(31.0, 5725.0)	(32.0, 8472.0)	(33.0, 13455.0)	(34.0, 21630.0)	(35.0, 42883.0)	(36.0, 43777.0)	(37.0, 23.0)
Bch-16S-V3V4-007-2_S7_L002_R2_001	(2.0, 31.0)	(3.0, 0.0)	(4.0, 0.0)	(5.0, 0.0)	(6.0, 0.0)	(7.0, 0.0)	(8.0, 0.0)	(9.0, 0.0)	(10.0, 0.0)	(11.0, 0.0)	(12.0, 4.0)	(13.0, 48.0)	(14.0, 108.0)	(15.0, 149.0)	(16.0, 65.0)	(17.0, 37.0)	(18.0, 40.0)	(19.0, 46.0)	(20.0, 78.0)	(21.0, 195.0)	(22.0, 501.0)	(23.0, 1120.0)	(24.0, 2729.0)	(25.0, 564.0)	(26.0, 716.0)	(27.0, 1062.0)	(28.0, 1491.0)	(29.0, 2369.0)	(30.0, 3610.0)	(31.0, 5465.0)	(32.0, 8413.0)	(33.0, 12959.0)	(34.0, 20363.0)	(35.0, 40759.0)	(36.0, 50652.0)	(37.0, 96.0)
Bch-16S-V3V4-008-2_S8_L002_R1_001	(2.0, 5.0)	(3.0, 0.0)	(4.0, 0.0)	(5.0, 0.0)	(6.0, 0.0)	(7.0, 0.0)	(8.0, 0.0)	(9.0, 0.0)	(10.0, 0.0)	(11.0, 0.0)	(12.0, 0.0)	(13.0, 0.0)	(14.0, 0.0)	(15.0, 0.0)	(16.0, 0.0)	(17.0, 1.0)	(18.0, 6.0)	(19.0, 13.0)	(20.0, 33.0)	(21.0, 102.0)	(22.0, 218.0)	(23.0, 332.0)	(24.0, 504.0)	(25.0, 877.0)	(26.0, 1414.0)	(27.0, 1968.0)	(28.0, 2881.0)	(29.0, 4058.0)	(30.0, 5643.0)	(31.0, 7758.0)	(32.0, 10898.0)	(33.0, 16329.0)	(34.0, 22718.0)	(35.0, 19535.0)	(36.0, 3558.0)	(37.0, 1.0)
Bch-16S-V3V4-008-2_S8_L002_R2_001	(2.0, 3.0)	(3.0, 0.0)	(4.0, 0.0)	(5.0, 0.0)	(6.0, 0.0)	(7.0, 0.0)	(8.0, 0.0)	(9.0, 0.0)	(10.0, 0.0)	(11.0, 0.0)	(12.0, 4.0)	(13.0, 18.0)	(14.0, 76.0)	(15.0, 82.0)	(16.0, 43.0)	(17.0, 33.0)	(18.0, 21.0)	(19.0, 23.0)	(20.0, 35.0)	(21.0, 70.0)	(22.0, 135.0)	(23.0, 269.0)	(24.0, 427.0)	(25.0, 223.0)	(26.0, 275.0)	(27.0, 455.0)	(28.0, 760.0)	(29.0, 1196.0)	(30.0, 2002.0)	(31.0, 3246.0)	(32.0, 5194.0)	(33.0, 8534.0)	(34.0, 14017.0)	(35.0, 29183.0)	(36.0, 32489.0)	(37.0, 39.0)
Bch-16S-V3V4-009-2_S9_L002_R1_001	(2.0, 8.0)	(3.0, 0.0)	(4.0, 0.0)	(5.0, 0.0)	(6.0, 0.0)	(7.0, 0.0)	(8.0, 0.0)	(9.0, 0.0)	(10.0, 0.0)	(11.0, 0.0)	(12.0, 0.0)	(13.0, 0.0)	(14.0, 0.0)	(15.0, 0.0)	(16.0, 1.0)	(17.0, 1.0)	(18.0, 3.0)	(19.0, 5.0)	(20.0, 12.0)	(21.0, 56.0)	(22.0, 159.0)	(23.0, 307.0)	(24.0, 500.0)	(25.0, 512.0)	(26.0, 912.0)	(27.0, 1309.0)	(28.0, 1794.0)	(29.0, 2528.0)	(30.0, 3192.0)	(31.0, 4599.0)	(32.0, 6598.0)	(33.0, 10376.0)	(34.0, 16260.0)	(35.0, 32321.0)	(36.0, 33053.0)	(37.0, 26.0)
Bch-16S-V3V4-009-2_S9_L002_R2_001	(2.0, 7.0)	(3.0, 0.0)	(4.0, 0.0)	(5.0, 0.0)	(6.0, 0.0)	(7.0, 0.0)	(8.0, 0.0)	(9.0, 0.0)	(10.0, 0.0)	(11.0, 0.0)	(12.0, 2.0)	(13.0, 35.0)	(14.0, 115.0)	(15.0, 82.0)	(16.0, 47.0)	(17.0, 37.0)	(18.0, 30.0)	(19.0, 34.0)	(20.0, 44.0)	(21.0, 84.0)	(22.0, 211.0)	(23.0, 350.0)	(24.0, 666.0)	(25.0, 361.0)	(26.0, 461.0)	(27.0, 720.0)	(28.0, 1051.0)	(29.0, 1682.0)	(30.0, 2635.0)	(31.0, 4002.0)	(32.0, 6301.0)	(33.0, 9768.0)	(34.0, 14904.0)	(35.0, 30601.0)	(36.0, 40221.0)	(37.0, 81.0)
Bch-16S-V3V4-010-2_S10_L002_R1_001	(2.0, 8.0)	(3.0, 0.0)	(4.0, 0.0)	(5.0, 0.0)	(6.0, 0.0)	(7.0, 0.0)	(8.0, 0.0)	(9.0, 0.0)	(10.0, 0.0)	(11.0, 0.0)	(12.0, 0.0)	(13.0, 1.0)	(14.0, 0.0)	(15.0, 0.0)	(16.0, 0.0)	(17.0, 0.0)	(18.0, 2.0)	(19.0, 5.0)	(20.0, 16.0)	(21.0, 46.0)	(22.0, 136.0)	(23.0, 332.0)	(24.0, 377.0)	(25.0, 453.0)	(26.0, 835.0)	(27.0, 1234.0)	(28.0, 1715.0)	(29.0, 2301.0)	(30.0, 3019.0)	(31.0, 4104.0)	(32.0, 5807.0)	(33.0, 9343.0)	(34.0, 15630.0)	(35.0, 32020.0)	(36.0, 43137.0)	(37.0, 50.0)
Bch-16S-V3V4-010-2_S10_L002_R2_001	(2.0, 8.0)	(3.0, 0.0)	(4.0, 0.0)	(5.0, 0.0)	(6.0, 0.0)	(7.0, 0.0)	(8.0, 0.0)	(9.0, 0.0)	(10.0, 0.0)	(11.0, 0.0)	(12.0, 5.0)	(13.0, 38.0)	(14.0, 101.0)	(15.0, 111.0)	(16.0, 70.0)	(17.0, 36.0)	(18.0, 23.0)	(19.0, 34.0)	(20.0, 81.0)	(21.0, 121.0)	(22.0, 229.0)	(23.0, 359.0)	(24.0, 727.0)	(25.0, 470.0)	(26.0, 655.0)	(27.0, 968.0)	(28.0, 1406.0)	(29.0, 2013.0)	(30.0, 3089.0)	(31.0, 4673.0)	(32.0, 7089.0)	(33.0, 10733.0)	(34.0, 16528.0)	(35.0, 32099.0)	(36.0, 38841.0)	(37.0, 64.0)
Bch-16S-V3V4-011-2_S11_L002_R1_001	(2.0, 2.0)	(3.0, 0.0)	(4.0, 0.0)	(5.0, 0.0)	(6.0, 0.0)	(7.0, 0.0)	(8.0, 0.0)	(9.0, 0.0)	(10.0, 0.0)	(11.0, 0.0)	(12.0, 0.0)	(13.0, 0.0)	(14.0, 0.0)	(15.0, 0.0)	(16.0, 2.0)	(17.0, 3.0)	(18.0, 6.0)	(19.0, 9.0)	(20.0, 39.0)	(21.0, 85.0)	(22.0, 165.0)	(23.0, 328.0)	(24.0, 703.0)	(25.0, 1292.0)	(26.0, 2142.0)	(27.0, 3176.0)	(28.0, 4546.0)	(29.0, 6237.0)	(30.0, 8160.0)	(31.0, 10889.0)	(32.0, 14342.0)	(33.0, 18743.0)	(34.0, 17746.0)	(35.0, 7163.0)	(36.0, 566.0)	(37.0, 1.0)
Bch-16S-V3V4-011-2_S11_L002_R2_001	(2.0, 1.0)	(3.0, 0.0)	(4.0, 0.0)	(5.0, 0.0)	(6.0, 0.0)	(7.0, 0.0)	(8.0, 0.0)	(9.0, 0.0)	(10.0, 0.0)	(11.0, 0.0)	(12.0, 5.0)	(13.0, 24.0)	(14.0, 67.0)	(15.0, 77.0)	(16.0, 53.0)	(17.0, 23.0)	(18.0, 11.0)	(19.0, 19.0)	(20.0, 38.0)	(21.0, 61.0)	(22.0, 81.0)	(23.0, 134.0)	(24.0, 259.0)	(25.0, 155.0)	(26.0, 242.0)	(27.0, 371.0)	(28.0, 546.0)	(29.0, 976.0)	(30.0, 1623.0)	(31.0, 2736.0)	(32.0, 4716.0)	(33.0, 7732.0)	(34.0, 13303.0)	(35.0, 29723.0)	(36.0, 33331.0)	(37.0, 38.0)
Bch-16S-V3V4-012-2_S12_L002_R1_001	(2.0, 8.0)	(3.0, 0.0)	(4.0, 0.0)	(5.0, 0.0)	(6.0, 0.0)	(7.0, 0.0)	(8.0, 0.0)	(9.0, 0.0)	(10.0, 0.0)	(11.0, 0.0)	(12.0, 0.0)	(13.0, 0.0)	(14.0, 0.0)	(15.0, 0.0)	(16.0, 0.0)	(17.0, 1.0)	(18.0, 1.0)	(19.0, 1.0)	(20.0, 4.0)	(21.0, 10.0)	(22.0, 43.0)	(23.0, 83.0)	(24.0, 136.0)	(25.0, 157.0)	(26.0, 247.0)	(27.0, 471.0)	(28.0, 635.0)	(29.0, 956.0)	(30.0, 1324.0)	(31.0, 1823.0)	(32.0, 2693.0)	(33.0, 4203.0)	(34.0, 6642.0)	(35.0, 12954.0)	(36.0, 14086.0)	(37.0, 9.0)
Bch-16S-V3V4-012-2_S12_L002_R2_001	(2.0, 9.0)	(3.0, 0.0)	(4.0, 0.0)	(5.0, 0.0)	(6.0, 0.0)	(7.0, 0.0)	(8.0, 0.0)	(9.0, 0.0)	(10.0, 0.0)	(11.0, 0.0)	(12.0, 1.0)	(13.0, 10.0)	(14.0, 27.0)	(15.0, 29.0)	(16.0, 17.0)	(17.0, 8.0)	(18.0, 14.0)	(19.0, 16.0)	(20.0, 16.0)	(21.0, 39.0)	(22.0, 78.0)	(23.0, 120.0)	(24.0, 186.0)	(25.0, 146.0)	(26.0, 200.0)	(27.0, 295.0)	(28.0, 481.0)	(29.0, 684.0)	(30.0, 1131.0)	(31.0, 1722.0)	(32.0, 2775.0)	(33.0, 4194.0)	(34.0, 6507.0)	(35.0, 12696.0)	(36.0, 15057.0)	(37.0, 29.0)
Bch-16S-V3V4-013-2_S13_L002_R1_001	(2.0, 4.0)	(3.0, 0.0)	(4.0, 0.0)	(5.0, 0.0)	(6.0, 0.0)	(7.0, 0.0)	(8.0, 0.0)	(9.0, 0.0)	(10.0, 0.0)	(11.0, 0.0)	(12.0, 0.0)	(13.0, 0.0)	(14.0, 0.0)	(15.0, 0.0)	(16.0, 0.0)	(17.0, 0.0)	(18.0, 0.0)	(19.0, 1.0)	(20.0, 11.0)	(21.0, 30.0)	(22.0, 92.0)	(23.0, 233.0)	(24.0, 353.0)	(25.0, 608.0)	(26.0, 1017.0)	(27.0, 1592.0)	(28.0, 2223.0)	(29.0, 3053.0)	(30.0, 4157.0)	(31.0, 5969.0)	(32.0, 8642.0)	(33.0, 12749.0)	(34.0, 19984.0)	(35.0, 36729.0)	(36.0, 24193.0)	(37.0, 12.0)
Bch-16S-V3V4-013-2_S13_L002_R2_001	(2.0, 1.0)	(3.0, 0.0)	(4.0, 0.0)	(5.0, 0.0)	(6.0, 0.0)	(7.0, 0.0)	(8.0, 0.0)	(9.0, 0.0)	(10.0, 0.0)	(11.0, 0.0)	(12.0, 2.0)	(13.0, 29.0)	(14.0, 100.0)	(15.0, 93.0)	(16.0, 51.0)	(17.0, 37.0)	(18.0, 24.0)	(19.0, 33.0)	(20.0, 52.0)	(21.0, 110.0)	(22.0, 180.0)	(23.0, 264.0)	(24.0, 356.0)	(25.0, 329.0)	(26.0, 452.0)	(27.0, 704.0)	(28.0, 1026.0)	(29.0, 1669.0)	(30.0, 2608.0)	(31.0, 4248.0)	(32.0, 6652.0)	(33.0, 10175.0)	(34.0, 16293.0)	(35.0, 33402.0)	(36.0, 42683.0)	(37.0, 79.0)
Bch-16S-V3V4-014-2_S14_L002_R1_001	(2.0, 3.0)	(3.0, 0.0)	(4.0, 0.0)	(5.0, 0.0)	(6.0, 0.0)	(7.0, 0.0)	(8.0, 0.0)	(9.0, 0.0)	(10.0, 0.0)	(11.0, 0.0)	(12.0, 0.0)	(13.0, 0.0)	(14.0, 0.0)	(15.0, 0.0)	(16.0, 0.0)	(17.0, 0.0)	(18.0, 2.0)	(19.0, 3.0)	(20.0, 5.0)	(21.0, 22.0)	(22.0, 67.0)	(23.0, 165.0)	(24.0, 215.0)	(25.0, 308.0)	(26.0, 495.0)	(27.0, 895.0)	(28.0, 1187.0)	(29.0, 1603.0)	(30.0, 2163.0)	(31.0, 2916.0)	(32.0, 4375.0)	(33.0, 6836.0)	(34.0, 11167.0)	(35.0, 22760.0)	(36.0, 30711.0)	(37.0, 42.0)
Bch-16S-V3V4-014-2_S14_L002_R2_001	(2.0, 2.0)	(3.0, 0.0)	(4.0, 0.0)	(5.0, 0.0)	(6.0, 0.0)	(7.0, 0.0)	(8.0, 0.0)	(9.0, 0.0)	(10.0, 0.0)	(11.0, 0.0)	(12.0, 6.0)	(13.0, 30.0)	(14.0, 66.0)	(15.0, 61.0)	(16.0, 47.0)	(17.0, 20.0)	(18.0, 27.0)	(19.0, 18.0)	(20.0, 42.0)	(21.0, 92.0)	(22.0, 164.0)	(23.0, 212.0)	(24.0, 379.0)	(25.0, 299.0)	(26.0, 424.0)	(27.0, 642.0)	(28.0, 935.0)	(29.0, 1420.0)	(30.0, 2302.0)	(31.0, 3337.0)	(32.0, 4870.0)	(33.0, 7542.0)	(34.0, 11597.0)	(35.0, 23592.0)	(36.0, 27774.0)	(37.0, 40.0)
Bch-16S-V3V4-015-2_S15_L002_R1_001	(2.0, 5.0)	(3.0, 0.0)	(4.0, 0.0)	(5.0, 0.0)	(6.0, 0.0)	(7.0, 0.0)	(8.0, 0.0)	(9.0, 0.0)	(10.0, 0.0)	(11.0, 0.0)	(12.0, 0.0)	(13.0, 0.0)	(14.0, 0.0)	(15.0, 0.0)	(16.0, 1.0)	(17.0, 1.0)	(18.0, 1.0)	(19.0, 5.0)	(20.0, 11.0)	(21.0, 28.0)	(22.0, 79.0)	(23.0, 241.0)	(24.0, 403.0)	(25.0, 466.0)	(26.0, 811.0)	(27.0, 1274.0)	(28.0, 1824.0)	(29.0, 2591.0)	(30.0, 3525.0)	(31.0, 5003.0)	(32.0, 7340.0)	(33.0, 10886.0)	(34.0, 16943.0)	(35.0, 33127.0)	(36.0, 29410.0)	(37.0, 17.0)
Bch-16S-V3V4-015-2_S15_L002_R2_001	(2.0, 4.0)	(3.0, 0.0)	(4.0, 0.0)	(5.0, 0.0)	(6.0, 0.0)	(7.0, 0.0)	(8.0, 0.0)	(9.0, 0.0)	(10.0, 0.0)	(11.0, 2.0)	(12.0, 2.0)	(13.0, 43.0)	(14.0, 109.0)	(15.0, 98.0)	(16.0, 61.0)	(17.0, 33.0)	(18.0, 34.0)	(19.0, 36.0)	(20.0, 67.0)	(21.0, 103.0)	(22.0, 171.0)	(23.0, 246.0)	(24.0, 551.0)	(25.0, 349.0)	(26.0, 515.0)	(27.0, 782.0)	(28.0, 1269.0)	(29.0, 1861.0)	(30.0, 2932.0)	(31.0, 4547.0)	(32.0, 6812.0)	(33.0, 10383.0)	(34.0, 16333.0)	(35.0, 32108.0)	(36.0, 34493.0)	(37.0, 48.0)
Bch-16S-V3V4-016-2_S16_L002_R1_001	(2.0, 2.0)	(3.0, 0.0)	(4.0, 0.0)	(5.0, 0.0)	(6.0, 0.0)	(7.0, 0.0)	(8.0, 0.0)	(9.0, 0.0)	(10.0, 0.0)	(11.0, 0.0)	(12.0, 0.0)	(13.0, 0.0)	(14.0, 0.0)	(15.0, 0.0)	(16.0, 0.0)	(17.0, 0.0)	(18.0, 1.0)	(19.0, 1.0)	(20.0, 8.0)	(21.0, 25.0)	(22.0, 76.0)	(23.0, 195.0)	(24.0, 305.0)	(25.0, 456.0)	(26.0, 835.0)	(27.0, 1361.0)	(28.0, 1954.0)	(29.0, 2747.0)	(30.0, 3808.0)	(31.0, 5236.0)	(32.0, 7844.0)	(33.0, 11734.0)	(34.0, 18338.0)	(35.0, 35251.0)	(36.0, 30674.0)	(37.0, 16.0)
Bch-16S-V3V4-016-2_S16_L002_R2_001	(2.0, 1.0)	(3.0, 0.0)	(4.0, 0.0)	(5.0, 0.0)	(6.0, 0.0)	(7.0, 0.0)	(8.0, 0.0)	(9.0, 0.0)	(10.0, 0.0)	(11.0, 0.0)	(12.0, 4.0)	(13.0, 34.0)	(14.0, 92.0)	(15.0, 99.0)	(16.0, 53.0)	(17.0, 34.0)	(18.0, 17.0)	(19.0, 37.0)	(20.0, 62.0)	(21.0, 104.0)	(22.0, 175.0)	(23.0, 245.0)	(24.0, 423.0)	(25.0, 347.0)	(26.0, 551.0)	(27.0, 763.0)	(28.0, 1172.0)	(29.0, 1906.0)	(30.0, 2945.0)	(31.0, 4557.0)	(32.0, 7136.0)	(33.0, 10949.0)	(34.0, 17061.0)	(35.0, 34301.0)	(36.0, 37737.0)	(37.0, 62.0)
Bch-16S-V3V4-017-2_S17_L002_R1_001	(2.0, 6.0)	(3.0, 0.0)	(4.0, 0.0)	(5.0, 0.0)	(6.0, 0.0)	(7.0, 0.0)	(8.0, 0.0)	(9.0, 0.0)	(10.0, 0.0)	(11.0, 0.0)	(12.0, 0.0)	(13.0, 0.0)	(14.0, 0.0)	(15.0, 0.0)	(16.0, 0.0)	(17.0, 1.0)	(18.0, 1.0)	(19.0, 4.0)	(20.0, 17.0)	(21.0, 31.0)	(22.0, 95.0)	(23.0, 246.0)	(24.0, 378.0)	(25.0, 566.0)	(26.0, 1033.0)	(27.0, 1450.0)	(28.0, 2126.0)	(29.0, 2939.0)	(30.0, 3992.0)	(31.0, 5690.0)	(32.0, 8253.0)	(33.0, 12508.0)	(34.0, 19826.0)	(35.0, 38351.0)	(36.0, 33820.0)	(37.0, 15.0)
Bch-16S-V3V4-017-2_S17_L002_R2_001	(2.0, 6.0)	(3.0, 0.0)	(4.0, 0.0)	(5.0, 0.0)	(6.0, 0.0)	(7.0, 0.0)	(8.0, 0.0)	(9.0, 0.0)	(10.0, 0.0)	(11.0, 0.0)	(12.0, 6.0)	(13.0, 38.0)	(14.0, 97.0)	(15.0, 99.0)	(16.0, 59.0)	(17.0, 37.0)	(18.0, 31.0)	(19.0, 30.0)	(20.0, 45.0)	(21.0, 141.0)	(22.0, 200.0)	(23.0, 299.0)	(24.0, 496.0)	(25.0, 477.0)	(26.0, 584.0)	(27.0, 906.0)	(28.0, 1444.0)	(29.0, 2196.0)	(30.0, 3361.0)	(31.0, 5191.0)	(32.0, 7648.0)	(33.0, 11984.0)	(34.0, 18745.0)	(35.0, 36913.0)	(36.0, 40257.0)	(37.0, 58.0)
Bch-16S-V3V4-018-2_S18_L002_R1_001	(2.0, 10.0)	(3.0, 0.0)	(4.0, 0.0)	(5.0, 0.0)	(6.0, 0.0)	(7.0, 0.0)	(8.0, 0.0)	(9.0, 0.0)	(10.0, 0.0)	(11.0, 0.0)	(12.0, 0.0)	(13.0, 0.0)	(14.0, 1.0)	(15.0, 0.0)	(16.0, 0.0)	(17.0, 1.0)	(18.0, 4.0)	(19.0, 2.0)	(20.0, 13.0)	(21.0, 59.0)	(22.0, 150.0)	(23.0, 309.0)	(24.0, 491.0)	(25.0, 593.0)	(26.0, 1036.0)	(27.0, 1632.0)	(28.0, 2286.0)	(29.0, 3031.0)	(30.0, 4464.0)	(31.0, 6305.0)	(32.0, 8948.0)	(33.0, 12819.0)	(34.0, 20314.0)	(35.0, 32498.0)	(36.0, 15300.0)	(37.0, 7.0)
Bch-16S-V3V4-018-2_S18_L002_R2_001	(2.0, 7.0)	(3.0, 0.0)	(4.0, 0.0)	(5.0, 0.0)	(6.0, 0.0)	(7.0, 0.0)	(8.0, 0.0)	(9.0, 0.0)	(10.0, 0.0)	(11.0, 0.0)	(12.0, 0.0)	(13.0, 21.0)	(14.0, 76.0)	(15.0, 85.0)	(16.0, 43.0)	(17.0, 17.0)	(18.0, 17.0)	(19.0, 25.0)	(20.0, 34.0)	(21.0, 87.0)	(22.0, 168.0)	(23.0, 314.0)	(24.0, 508.0)	(25.0, 283.0)	(26.0, 409.0)	(27.0, 596.0)	(28.0, 919.0)	(29.0, 1545.0)	(30.0, 2491.0)	(31.0, 4024.0)	(32.0, 6225.0)	(33.0, 9678.0)	(34.0, 15505.0)	(35.0, 31305.0)	(36.0, 35852.0)	(37.0, 39.0)
Bch-16S-V3V4-019-2_S19_L002_R1_001	(2.0, 7.0)	(3.0, 0.0)	(4.0, 0.0)	(5.0, 0.0)	(6.0, 0.0)	(7.0, 0.0)	(8.0, 0.0)	(9.0, 0.0)	(10.0, 0.0)	(11.0, 0.0)	(12.0, 0.0)	(13.0, 0.0)	(14.0, 0.0)	(15.0, 0.0)	(16.0, 0.0)	(17.0, 1.0)	(18.0, 4.0)	(19.0, 4.0)	(20.0, 22.0)	(21.0, 54.0)	(22.0, 160.0)	(23.0, 349.0)	(24.0, 532.0)	(25.0, 555.0)	(26.0, 962.0)	(27.0, 1560.0)	(28.0, 2046.0)	(29.0, 2959.0)	(30.0, 4188.0)	(31.0, 5861.0)	(32.0, 8460.0)	(33.0, 12207.0)	(34.0, 18615.0)	(35.0, 32903.0)	(36.0, 19341.0)	(37.0, 11.0)
Bch-16S-V3V4-019-2_S19_L002_R2_001	(2.0, 4.0)	(3.0, 0.0)	(4.0, 0.0)	(5.0, 0.0)	(6.0, 0.0)	(7.0, 0.0)	(8.0, 0.0)	(9.0, 0.0)	(10.0, 0.0)	(11.0, 0.0)	(12.0, 5.0)	(13.0, 28.0)	(14.0, 70.0)	(15.0, 86.0)	(16.0, 43.0)	(17.0, 21.0)	(18.0, 13.0)	(19.0, 20.0)	(20.0, 49.0)	(21.0, 111.0)	(22.0, 186.0)	(23.0, 332.0)	(24.0, 659.0)	(25.0, 311.0)	(26.0, 397.0)	(27.0, 608.0)	(28.0, 971.0)	(29.0, 1484.0)	(30.0, 2499.0)	(31.0, 3945.0)	(32.0, 6146.0)	(33.0, 9371.0)	(34.0, 15388.0)	(35.0, 30476.0)	(36.0, 37516.0)	(37.0, 62.0)
Bch-16S-V3V4-020-2_S20_L002_R1_001	(2.0, 5.0)	(3.0, 0.0)	(4.0, 0.0)	(5.0, 0.0)	(6.0, 0.0)	(7.0, 0.0)	(8.0, 0.0)	(9.0, 0.0)	(10.0, 0.0)	(11.0, 0.0)	(12.0, 0.0)	(13.0, 0.0)	(14.0, 0.0)	(15.0, 0.0)	(16.0, 0.0)	(17.0, 1.0)	(18.0, 4.0)	(19.0, 7.0)	(20.0, 15.0)	(21.0, 40.0)	(22.0, 128.0)	(23.0, 308.0)	(24.0, 360.0)	(25.0, 328.0)	(26.0, 568.0)	(27.0, 951.0)	(28.0, 1334.0)	(29.0, 1867.0)	(30.0, 2493.0)	(31.0, 3453.0)	(32.0, 4930.0)	(33.0, 7730.0)	(34.0, 12439.0)	(35.0, 25430.0)	(36.0, 30627.0)	(37.0, 34.0)
Bch-16S-V3V4-020-2_S20_L002_R2_001	(2.0, 5.0)	(3.0, 0.0)	(4.0, 0.0)	(5.0, 0.0)	(6.0, 0.0)	(7.0, 0.0)	(8.0, 0.0)	(9.0, 0.0)	(10.0, 0.0)	(11.0, 0.0)	(12.0, 6.0)	(13.0, 29.0)	(14.0, 60.0)	(15.0, 55.0)	(16.0, 27.0)	(17.0, 17.0)	(18.0, 20.0)	(19.0, 28.0)	(20.0, 50.0)	(21.0, 82.0)	(22.0, 147.0)	(23.0, 295.0)	(24.0, 653.0)	(25.0, 279.0)	(26.0, 434.0)	(27.0, 637.0)	(28.0, 901.0)	(29.0, 1456.0)	(30.0, 2232.0)	(31.0, 3522.0)	(32.0, 5424.0)	(33.0, 8038.0)	(34.0, 12509.0)	(35.0, 25055.0)	(36.0, 31046.0)	(37.0, 45.0)
Bch-16S-V3V4-021-2_S21_L002_R1_001	(2.0, 6.0)	(3.0, 0.0)	(4.0, 0.0)	(5.0, 0.0)	(6.0, 0.0)	(7.0, 0.0)	(8.0, 0.0)	(9.0, 0.0)	(10.0, 0.0)	(11.0, 0.0)	(12.0, 0.0)	(13.0, 0.0)	(14.0, 0.0)	(15.0, 1.0)	(16.0, 0.0)	(17.0, 1.0)	(18.0, 1.0)	(19.0, 1.0)	(20.0, 8.0)	(21.0, 27.0)	(22.0, 81.0)	(23.0, 175.0)	(24.0, 370.0)	(25.0, 689.0)	(26.0, 1202.0)	(27.0, 1639.0)	(28.0, 2223.0)	(29.0, 3020.0)	(30.0, 4112.0)	(31.0, 5863.0)	(32.0, 8069.0)	(33.0, 11325.0)	(34.0, 17841.0)	(35.0, 25598.0)	(36.0, 8945.0)	(37.0, 1.0)
Bch-16S-V3V4-021-2_S21_L002_R2_001	(2.0, 6.0)	(3.0, 0.0)	(4.0, 0.0)	(5.0, 0.0)	(6.0, 0.0)	(7.0, 0.0)	(8.0, 0.0)	(9.0, 0.0)	(10.0, 0.0)	(11.0, 0.0)	(12.0, 3.0)	(13.0, 20.0)	(14.0, 49.0)	(15.0, 54.0)	(16.0, 30.0)	(17.0, 21.0)	(18.0, 21.0)	(19.0, 31.0)	(20.0, 41.0)	(21.0, 69.0)	(22.0, 103.0)	(23.0, 127.0)	(24.0, 218.0)	(25.0, 226.0)	(26.0, 316.0)	(27.0, 486.0)	(28.0, 814.0)	(29.0, 1262.0)	(30.0, 2119.0)	(31.0, 3426.0)	(32.0, 5306.0)	(33.0, 8198.0)	(34.0, 13355.0)	(35.0, 27059.0)	(36.0, 27792.0)	(37.0, 46.0)
Bch-16S-V3V4-022-2_S22_L002_R1_001	(2.0, 7.0)	(3.0, 0.0)	(4.0, 0.0)	(5.0, 0.0)	(6.0, 0.0)	(7.0, 0.0)	(8.0, 0.0)	(9.0, 0.0)	(10.0, 0.0)	(11.0, 0.0)	(12.0, 0.0)	(13.0, 0.0)	(14.0, 0.0)	(15.0, 0.0)	(16.0, 1.0)	(17.0, 0.0)	(18.0, 1.0)	(19.0, 4.0)	(20.0, 9.0)	(21.0, 25.0)	(22.0, 92.0)	(23.0, 226.0)	(24.0, 299.0)	(25.0, 323.0)	(26.0, 585.0)	(27.0, 889.0)	(28.0, 1287.0)	(29.0, 1685.0)	(30.0, 2384.0)	(31.0, 3144.0)	(32.0, 4548.0)	(33.0, 7235.0)	(34.0, 12451.0)	(35.0, 25693.0)	(36.0, 40048.0)	(37.0, 78.0)
Bch-16S-V3V4-022-2_S22_L002_R2_001	(2.0, 6.0)	(3.0, 0.0)	(4.0, 0.0)	(5.0, 0.0)	(6.0, 0.0)	(7.0, 0.0)	(8.0, 0.0)	(9.0, 0.0)	(10.0, 0.0)	(11.0, 0.0)	(12.0, 2.0)	(13.0, 18.0)	(14.0, 55.0)	(15.0, 65.0)	(16.0, 37.0)	(17.0, 21.0)	(18.0, 26.0)	(19.0, 21.0)	(20.0, 47.0)	(21.0, 102.0)	(22.0, 186.0)	(23.0, 286.0)	(24.0, 553.0)	(25.0, 374.0)	(26.0, 528.0)	(27.0, 799.0)	(28.0, 1142.0)	(29.0, 1733.0)	(30.0, 2706.0)	(31.0, 4065.0)	(32.0, 6113.0)	(33.0, 8899.0)	(34.0, 14104.0)	(35.0, 27415.0)	(36.0, 31664.0)	(37.0, 47.0)
Bch-16S-V3V4-023-2_S23_L002_R1_001	(2.0, 16.0)	(3.0, 0.0)	(4.0, 0.0)	(5.0, 0.0)	(6.0, 0.0)	(7.0, 0.0)	(8.0, 0.0)	(9.0, 0.0)	(10.0, 0.0)	(11.0, 0.0)	(12.0, 0.0)	(13.0, 0.0)	(14.0, 0.0)	(15.0, 0.0)	(16.0, 0.0)	(17.0, 3.0)	(18.0, 6.0)	(19.0, 7.0)	(20.0, 23.0)	(21.0, 58.0)	(22.0, 201.0)	(23.0, 472.0)	(24.0, 583.0)	(25.0, 544.0)	(26.0, 918.0)	(27.0, 1394.0)	(28.0, 1923.0)	(29.0, 2617.0)	(30.0, 3383.0)	(31.0, 4646.0)	(32.0, 6744.0)	(33.0, 10549.0)	(34.0, 17784.0)	(35.0, 36520.0)	(36.0, 56019.0)	(37.0, 99.0)
Bch-16S-V3V4-023-2_S23_L002_R2_001	(2.0, 11.0)	(3.0, 0.0)	(4.0, 0.0)	(5.0, 0.0)	(6.0, 0.0)	(7.0, 0.0)	(8.0, 0.0)	(9.0, 0.0)	(10.0, 0.0)	(11.0, 0.0)	(12.0, 6.0)	(13.0, 35.0)	(14.0, 77.0)	(15.0, 73.0)	(16.0, 55.0)	(17.0, 40.0)	(18.0, 29.0)	(19.0, 43.0)	(20.0, 71.0)	(21.0, 155.0)	(22.0, 300.0)	(23.0, 496.0)	(24.0, 1018.0)	(25.0, 544.0)	(26.0, 752.0)	(27.0, 1188.0)	(28.0, 1676.0)	(29.0, 2560.0)	(30.0, 3716.0)	(31.0, 5741.0)	(32.0, 8761.0)	(33.0, 12669.0)	(34.0, 19706.0)	(35.0, 38857.0)	(36.0, 45860.0)	(37.0, 70.0)
Bch-16S-V3V4-024-2_S24_L002_R1_001	(2.0, 3.0)	(3.0, 0.0)	(4.0, 0.0)	(5.0, 0.0)	(6.0, 0.0)	(7.0, 0.0)	(8.0, 0.0)	(9.0, 0.0)	(10.0, 0.0)	(11.0, 0.0)	(12.0, 0.0)	(13.0, 0.0)	(14.0, 0.0)	(15.0, 0.0)	(16.0, 0.0)	(17.0, 0.0)	(18.0, 1.0)	(19.0, 0.0)	(20.0, 4.0)	(21.0, 8.0)	(22.0, 57.0)	(23.0, 145.0)	(24.0, 193.0)	(25.0, 259.0)	(26.0, 392.0)	(27.0, 578.0)	(28.0, 857.0)	(29.0, 1191.0)	(30.0, 1531.0)	(31.0, 1948.0)	(32.0, 2843.0)	(33.0, 4679.0)	(34.0, 7579.0)	(35.0, 16072.0)	(36.0, 25765.0)	(37.0, 49.0)
Bch-16S-V3V4-024-2_S24_L002_R2_001	(2.0, 3.0)	(3.0, 0.0)	(4.0, 0.0)	(5.0, 0.0)	(6.0, 0.0)	(7.0, 0.0)	(8.0, 0.0)	(9.0, 0.0)	(10.0, 0.0)	(11.0, 0.0)	(12.0, 0.0)	(13.0, 15.0)	(14.0, 39.0)	(15.0, 47.0)	(16.0, 22.0)	(17.0, 20.0)	(18.0, 17.0)	(19.0, 25.0)	(20.0, 33.0)	(21.0, 77.0)	(22.0, 106.0)	(23.0, 206.0)	(24.0, 341.0)	(25.0, 294.0)	(26.0, 445.0)	(27.0, 585.0)	(28.0, 902.0)	(29.0, 1329.0)	(30.0, 1936.0)	(31.0, 2843.0)	(32.0, 4110.0)	(33.0, 6014.0)	(34.0, 9441.0)	(35.0, 17766.0)	(36.0, 17511.0)	(37.0, 27.0)
Bch-16S-V3V4-025-2_S25_L002_R1_001	(2.0, 152.0)	(3.0, 0.0)	(4.0, 0.0)	(5.0, 0.0)	(6.0, 0.0)	(7.0, 0.0)	(8.0, 0.0)	(9.0, 0.0)	(10.0, 0.0)	(11.0, 0.0)	(12.0, 0.0)	(13.0, 0.0)	(14.0, 1.0)	(15.0, 2.0)	(16.0, 8.0)	(17.0, 23.0)	(18.0, 53.0)	(19.0, 78.0)	(20.0, 210.0)	(21.0, 530.0)	(22.0, 1604.0)	(23.0, 4412.0)	(24.0, 5256.0)	(25.0, 348.0)	(26.0, 563.0)	(27.0, 849.0)	(28.0, 1274.0)	(29.0, 1642.0)	(30.0, 2094.0)	(31.0, 2854.0)	(32.0, 3952.0)	(33.0, 6424.0)	(34.0, 10923.0)	(35.0, 22683.0)	(36.0, 39606.0)	(37.0, 104.0)
Bch-16S-V3V4-025-2_S25_L002_R2_001	(2.0, 101.0)	(3.0, 0.0)	(4.0, 0.0)	(5.0, 0.0)	(6.0, 0.0)	(7.0, 0.0)	(8.0, 0.0)	(9.0, 0.0)	(10.0, 0.0)	(11.0, 0.0)	(12.0, 11.0)	(13.0, 30.0)	(14.0, 88.0)	(15.0, 77.0)	(16.0, 53.0)	(17.0, 25.0)	(18.0, 46.0)	(19.0, 50.0)	(20.0, 138.0)	(21.0, 303.0)	(22.0, 1028.0)	(23.0, 2942.0)	(24.0, 8294.0)	(25.0, 484.0)	(26.0, 597.0)	(27.0, 863.0)	(28.0, 1188.0)	(29.0, 1770.0)	(30.0, 2657.0)	(31.0, 3940.0)	(32.0, 5729.0)	(33.0, 8522.0)	(34.0, 13040.0)	(35.0, 25617.0)	(36.0, 28003.0)	(37.0, 49.0)
Bch-16S-V3V4-026-2_S26_L002_R1_001	(2.0, 8.0)	(3.0, 0.0)	(4.0, 0.0)	(5.0, 0.0)	(6.0, 0.0)	(7.0, 0.0)	(8.0, 0.0)	(9.0, 0.0)	(10.0, 0.0)	(11.0, 0.0)	(12.0, 0.0)	(13.0, 0.0)	(14.0, 0.0)	(15.0, 0.0)	(16.0, 0.0)	(17.0, 2.0)	(18.0, 8.0)	(19.0, 8.0)	(20.0, 9.0)	(21.0, 50.0)	(22.0, 152.0)	(23.0, 497.0)	(24.0, 393.0)	(25.0, 347.0)	(26.0, 680.0)	(27.0, 1033.0)	(28.0, 1628.0)	(29.0, 2260.0)	(30.0, 2862.0)	(31.0, 3975.0)	(32.0, 5717.0)	(33.0, 8971.0)	(34.0, 15162.0)	(35.0, 30810.0)	(36.0, 49603.0)	(37.0, 94.0)
Bch-16S-V3V4-026-2_S26_L002_R2_001	(2.0, 6.0)	(3.0, 0.0)	(4.0, 0.0)	(5.0, 0.0)	(6.0, 0.0)	(7.0, 0.0)	(8.0, 0.0)	(9.0, 0.0)	(10.0, 0.0)	(11.0, 1.0)	(12.0, 6.0)	(13.0, 32.0)	(14.0, 101.0)	(15.0, 92.0)	(16.0, 69.0)	(17.0, 38.0)	(18.0, 32.0)	(19.0, 42.0)	(20.0, 84.0)	(21.0, 141.0)	(22.0, 255.0)	(23.0, 415.0)	(24.0, 872.0)	(25.0, 507.0)	(26.0, 711.0)	(27.0, 991.0)	(28.0, 1444.0)	(29.0, 2302.0)	(30.0, 3376.0)	(31.0, 5279.0)	(32.0, 7684.0)	(33.0, 11581.0)	(34.0, 17601.0)	(35.0, 34757.0)	(36.0, 35807.0)	(37.0, 43.0)
Bch-16S-V3V4-027-2_S27_L002_R1_001	(2.0, 8.0)	(3.0, 0.0)	(4.0, 0.0)	(5.0, 0.0)	(6.0, 0.0)	(7.0, 0.0)	(8.0, 0.0)	(9.0, 0.0)	(10.0, 0.0)	(11.0, 0.0)	(12.0, 0.0)	(13.0, 0.0)	(14.0, 0.0)	(15.0, 0.0)	(16.0, 2.0)	(17.0, 2.0)	(18.0, 1.0)	(19.0, 5.0)	(20.0, 17.0)	(21.0, 40.0)	(22.0, 114.0)	(23.0, 293.0)	(24.0, 326.0)	(25.0, 411.0)	(26.0, 673.0)	(27.0, 1071.0)	(28.0, 1496.0)	(29.0, 1999.0)	(30.0, 2714.0)	(31.0, 3629.0)	(32.0, 5182.0)	(33.0, 8126.0)	(34.0, 13960.0)	(35.0, 29291.0)	(36.0, 45164.0)	(37.0, 87.0)
Bch-16S-V3V4-027-2_S27_L002_R2_001	(2.0, 5.0)	(3.0, 0.0)	(4.0, 0.0)	(5.0, 0.0)	(6.0, 0.0)	(7.0, 0.0)	(8.0, 0.0)	(9.0, 0.0)	(10.0, 0.0)	(11.0, 0.0)	(12.0, 4.0)	(13.0, 35.0)	(14.0, 80.0)	(15.0, 97.0)	(16.0, 59.0)	(17.0, 40.0)	(18.0, 32.0)	(19.0, 29.0)	(20.0, 70.0)	(21.0, 141.0)	(22.0, 208.0)	(23.0, 383.0)	(24.0, 651.0)	(25.0, 426.0)	(26.0, 664.0)	(27.0, 937.0)	(28.0, 1427.0)	(29.0, 2104.0)	(30.0, 3182.0)	(31.0, 4829.0)	(32.0, 6850.0)	(33.0, 10550.0)	(34.0, 16087.0)	(35.0, 31673.0)	(36.0, 33977.0)	(37.0, 71.0)
Bch-16S-V3V4-028-2_S28_L002_R1_001	(2.0, 2.0)	(3.0, 0.0)	(4.0, 0.0)	(5.0, 0.0)	(6.0, 0.0)	(7.0, 0.0)	(8.0, 0.0)	(9.0, 0.0)	(10.0, 0.0)	(11.0, 0.0)	(12.0, 0.0)	(13.0, 0.0)	(14.0, 0.0)	(15.0, 0.0)	(16.0, 0.0)	(17.0, 0.0)	(18.0, 0.0)	(19.0, 2.0)	(20.0, 4.0)	(21.0, 22.0)	(22.0, 64.0)	(23.0, 126.0)	(24.0, 260.0)	(25.0, 488.0)	(26.0, 885.0)	(27.0, 1289.0)	(28.0, 1783.0)	(29.0, 2631.0)	(30.0, 3367.0)	(31.0, 4677.0)	(32.0, 6737.0)	(33.0, 10749.0)	(34.0, 17171.0)	(35.0, 34881.0)	(36.0, 40571.0)	(37.0, 38.0)
Bch-16S-V3V4-028-2_S28_L002_R2_001	(2.0, 2.0)	(3.0, 0.0)	(4.0, 0.0)	(5.0, 0.0)	(6.0, 0.0)	(7.0, 0.0)	(8.0, 0.0)	(9.0, 0.0)	(10.0, 0.0)	(11.0, 0.0)	(12.0, 2.0)	(13.0, 33.0)	(14.0, 68.0)	(15.0, 80.0)	(16.0, 69.0)	(17.0, 30.0)	(18.0, 30.0)	(19.0, 42.0)	(20.0, 64.0)	(21.0, 110.0)	(22.0, 149.0)	(23.0, 258.0)	(24.0, 338.0)	(25.0, 454.0)	(26.0, 654.0)	(27.0, 932.0)	(28.0, 1519.0)	(29.0, 2288.0)	(30.0, 3526.0)	(31.0, 5360.0)	(32.0, 8007.0)	(33.0, 11934.0)	(34.0, 18163.0)	(35.0, 35334.0)	(36.0, 36261.0)	(37.0, 40.0)
Bch-16S-V3V4-029-2_S29_L002_R1_001	(2.0, 5.0)	(3.0, 0.0)	(4.0, 0.0)	(5.0, 0.0)	(6.0, 0.0)	(7.0, 0.0)	(8.0, 0.0)	(9.0, 0.0)	(10.0, 0.0)	(11.0, 0.0)	(12.0, 0.0)	(13.0, 0.0)	(14.0, 0.0)	(15.0, 0.0)	(16.0, 0.0)	(17.0, 0.0)	(18.0, 1.0)	(19.0, 0.0)	(20.0, 2.0)	(21.0, 12.0)	(22.0, 63.0)	(23.0, 158.0)	(24.0, 253.0)	(25.0, 407.0)	(26.0, 652.0)	(27.0, 1014.0)	(28.0, 1342.0)	(29.0, 1938.0)	(30.0, 2498.0)	(31.0, 3477.0)	(32.0, 4987.0)	(33.0, 7978.0)	(34.0, 13079.0)	(35.0, 26358.0)	(36.0, 37278.0)	(37.0, 55.0)
Bch-16S-V3V4-029-2_S29_L002_R2_001	(2.0, 5.0)	(3.0, 0.0)	(4.0, 0.0)	(5.0, 0.0)	(6.0, 0.0)	(7.0, 0.0)	(8.0, 0.0)	(9.0, 0.0)	(10.0, 0.0)	(11.0, 0.0)	(12.0, 6.0)	(13.0, 26.0)	(14.0, 67.0)	(15.0, 94.0)	(16.0, 46.0)	(17.0, 25.0)	(18.0, 31.0)	(19.0, 28.0)	(20.0, 53.0)	(21.0, 122.0)	(22.0, 167.0)	(23.0, 270.0)	(24.0, 366.0)	(25.0, 387.0)	(26.0, 551.0)	(27.0, 827.0)	(28.0, 1175.0)	(29.0, 1769.0)	(30.0, 2702.0)	(31.0, 4134.0)	(32.0, 6090.0)	(33.0, 9284.0)	(34.0, 14177.0)	(35.0, 27925.0)	(36.0, 31183.0)	(37.0, 47.0)
Bch-16S-V3V4-030-2_S30_L002_R1_001	(2.0, 3.0)	(3.0, 0.0)	(4.0, 0.0)	(5.0, 0.0)	(6.0, 0.0)	(7.0, 0.0)	(8.0, 0.0)	(9.0, 0.0)	(10.0, 0.0)	(11.0, 0.0)	(12.0, 0.0)	(13.0, 0.0)	(14.0, 0.0)	(15.0, 0.0)	(16.0, 0.0)	(17.0, 0.0)	(18.0, 1.0)	(19.0, 1.0)	(20.0, 7.0)	(21.0, 19.0)	(22.0, 51.0)	(23.0, 129.0)	(24.0, 204.0)	(25.0, 300.0)	(26.0, 492.0)	(27.0, 820.0)	(28.0, 1011.0)	(29.0, 1418.0)	(30.0, 1919.0)	(31.0, 2615.0)	(32.0, 3559.0)	(33.0, 5900.0)	(34.0, 9812.0)	(35.0, 20513.0)	(36.0, 32078.0)	(37.0, 56.0)
Bch-16S-V3V4-030-2_S30_L002_R2_001	(2.0, 2.0)	(3.0, 0.0)	(4.0, 0.0)	(5.0, 0.0)	(6.0, 0.0)	(7.0, 0.0)	(8.0, 0.0)	(9.0, 0.0)	(10.0, 0.0)	(11.0, 0.0)	(12.0, 2.0)	(13.0, 18.0)	(14.0, 57.0)	(15.0, 59.0)	(16.0, 53.0)	(17.0, 35.0)	(18.0, 21.0)	(19.0, 36.0)	(20.0, 48.0)	(21.0, 88.0)	(22.0, 153.0)	(23.0, 234.0)	(24.0, 394.0)	(25.0, 356.0)	(26.0, 478.0)	(27.0, 742.0)	(28.0, 986.0)	(29.0, 1528.0)	(30.0, 2378.0)	(31.0, 3557.0)	(32.0, 5078.0)	(33.0, 7443.0)	(34.0, 11481.0)	(35.0, 21685.0)	(36.0, 23964.0)	(37.0, 32.0)
Bch-16S-V3V4-031-2_S31_L002_R1_001	(18.0, 1.0)	(19.0, 2.0)	(20.0, 14.0)	(21.0, 39.0)	(22.0, 141.0)	(23.0, 317.0)	(24.0, 692.0)	(25.0, 1274.0)	(26.0, 2012.0)	(27.0, 2974.0)	(28.0, 4073.0)	(29.0, 5666.0)	(30.0, 7673.0)	(31.0, 10429.0)	(32.0, 14114.0)	(33.0, 16395.0)	(34.0, 11573.0)	(35.0, 3394.0)	(36.0, 321.0)																	
Bch-16S-V3V4-031-2_S31_L002_R2_001	(12.0, 2.0)	(13.0, 26.0)	(14.0, 51.0)	(15.0, 72.0)	(16.0, 44.0)	(17.0, 28.0)	(18.0, 16.0)	(19.0, 20.0)	(20.0, 27.0)	(21.0, 41.0)	(22.0, 55.0)	(23.0, 91.0)	(24.0, 98.0)	(25.0, 157.0)	(26.0, 197.0)	(27.0, 265.0)	(28.0, 443.0)	(29.0, 705.0)	(30.0, 1180.0)	(31.0, 2017.0)	(32.0, 3399.0)	(33.0, 5936.0)	(34.0, 10606.0)	(35.0, 24843.0)	(36.0, 30737.0)	(37.0, 48.0)										
Bch-16S-V3V4-032-2_S32_L002_R1_001	(2.0, 1.0)	(3.0, 0.0)	(4.0, 0.0)	(5.0, 0.0)	(6.0, 0.0)	(7.0, 0.0)	(8.0, 0.0)	(9.0, 0.0)	(10.0, 0.0)	(11.0, 0.0)	(12.0, 0.0)	(13.0, 0.0)	(14.0, 0.0)	(15.0, 0.0)	(16.0, 0.0)	(17.0, 0.0)	(18.0, 2.0)	(19.0, 2.0)	(20.0, 1.0)	(21.0, 14.0)	(22.0, 39.0)	(23.0, 88.0)	(24.0, 165.0)	(25.0, 280.0)	(26.0, 472.0)	(27.0, 847.0)	(28.0, 1258.0)	(29.0, 1736.0)	(30.0, 2498.0)	(31.0, 3293.0)	(32.0, 4718.0)	(33.0, 7553.0)	(34.0, 12766.0)	(35.0, 26812.0)	(36.0, 39398.0)	(37.0, 58.0)
Bch-16S-V3V4-032-2_S32_L002_R2_001	(12.0, 6.0)	(13.0, 30.0)	(14.0, 81.0)	(15.0, 77.0)	(16.0, 40.0)	(17.0, 26.0)	(18.0, 21.0)	(19.0, 24.0)	(20.0, 50.0)	(21.0, 91.0)	(22.0, 144.0)	(23.0, 201.0)	(24.0, 296.0)	(25.0, 305.0)	(26.0, 504.0)	(27.0, 790.0)	(28.0, 1142.0)	(29.0, 1702.0)	(30.0, 2641.0)	(31.0, 3955.0)	(32.0, 6152.0)	(33.0, 9134.0)	(34.0, 13956.0)	(35.0, 27651.0)	(36.0, 32919.0)	(37.0, 63.0)										
Bch-16S-V3V4-033-2_S33_L002_R1_001	(2.0, 3.0)	(3.0, 0.0)	(4.0, 0.0)	(5.0, 0.0)	(6.0, 0.0)	(7.0, 0.0)	(8.0, 0.0)	(9.0, 0.0)	(10.0, 0.0)	(11.0, 0.0)	(12.0, 0.0)	(13.0, 0.0)	(14.0, 0.0)	(15.0, 0.0)	(16.0, 0.0)	(17.0, 0.0)	(18.0, 0.0)	(19.0, 0.0)	(20.0, 11.0)	(21.0, 14.0)	(22.0, 56.0)	(23.0, 145.0)	(24.0, 241.0)	(25.0, 489.0)	(26.0, 762.0)	(27.0, 1249.0)	(28.0, 1748.0)	(29.0, 2353.0)	(30.0, 3098.0)	(31.0, 4317.0)	(32.0, 6287.0)	(33.0, 10048.0)	(34.0, 16166.0)	(35.0, 32253.0)	(36.0, 33538.0)	(37.0, 13.0)
Bch-16S-V3V4-033-2_S33_L002_R2_001	(2.0, 3.0)	(3.0, 0.0)	(4.0, 0.0)	(5.0, 0.0)	(6.0, 0.0)	(7.0, 0.0)	(8.0, 0.0)	(9.0, 0.0)	(10.0, 0.0)	(11.0, 0.0)	(12.0, 5.0)	(13.0, 32.0)	(14.0, 76.0)	(15.0, 101.0)	(16.0, 62.0)	(17.0, 27.0)	(18.0, 31.0)	(19.0, 27.0)	(20.0, 67.0)	(21.0, 100.0)	(22.0, 162.0)	(23.0, 220.0)	(24.0, 285.0)	(25.0, 374.0)	(26.0, 508.0)	(27.0, 763.0)	(28.0, 1216.0)	(29.0, 1762.0)	(30.0, 2783.0)	(31.0, 4156.0)	(32.0, 6488.0)	(33.0, 9872.0)	(34.0, 15362.0)	(35.0, 30418.0)	(36.0, 37830.0)	(37.0, 61.0)
Bch-16S-V3V4-034-2_S34_L002_R1_001	(2.0, 1.0)	(3.0, 0.0)	(4.0, 0.0)	(5.0, 0.0)	(6.0, 0.0)	(7.0, 0.0)	(8.0, 0.0)	(9.0, 0.0)	(10.0, 0.0)	(11.0, 0.0)	(12.0, 0.0)	(13.0, 0.0)	(14.0, 0.0)	(15.0, 0.0)	(16.0, 0.0)	(17.0, 0.0)	(18.0, 0.0)	(19.0, 1.0)	(20.0, 6.0)	(21.0, 9.0)	(22.0, 45.0)	(23.0, 116.0)	(24.0, 235.0)	(25.0, 448.0)	(26.0, 735.0)	(27.0, 1023.0)	(28.0, 1546.0)	(29.0, 2082.0)	(30.0, 2901.0)	(31.0, 3925.0)	(32.0, 5483.0)	(33.0, 8910.0)	(34.0, 14791.0)	(35.0, 30098.0)	(36.0, 40487.0)	(37.0, 39.0)
Bch-16S-V3V4-034-2_S34_L002_R2_001	(2.0, 1.0)	(3.0, 0.0)	(4.0, 0.0)	(5.0, 0.0)	(6.0, 0.0)	(7.0, 0.0)	(8.0, 0.0)	(9.0, 0.0)	(10.0, 0.0)	(11.0, 0.0)	(12.0, 4.0)	(13.0, 39.0)	(14.0, 70.0)	(15.0, 73.0)	(16.0, 53.0)	(17.0, 27.0)	(18.0, 34.0)	(19.0, 27.0)	(20.0, 68.0)	(21.0, 130.0)	(22.0, 164.0)	(23.0, 288.0)	(24.0, 343.0)	(25.0, 424.0)	(26.0, 594.0)	(27.0, 900.0)	(28.0, 1284.0)	(29.0, 2069.0)	(30.0, 3008.0)	(31.0, 4402.0)	(32.0, 6856.0)	(33.0, 10054.0)	(34.0, 15461.0)	(35.0, 30725.0)	(36.0, 35732.0)	(37.0, 51.0)
Bch-16S-V3V4-035-2_S35_L002_R1_001	(2.0, 2.0)	(3.0, 0.0)	(4.0, 0.0)	(5.0, 0.0)	(6.0, 0.0)	(7.0, 0.0)	(8.0, 0.0)	(9.0, 0.0)	(10.0, 0.0)	(11.0, 0.0)	(12.0, 0.0)	(13.0, 0.0)	(14.0, 0.0)	(15.0, 0.0)	(16.0, 0.0)	(17.0, 1.0)	(18.0, 1.0)	(19.0, 5.0)	(20.0, 10.0)	(21.0, 34.0)	(22.0, 89.0)	(23.0, 171.0)	(24.0, 394.0)	(25.0, 764.0)	(26.0, 1181.0)	(27.0, 1883.0)	(28.0, 2696.0)	(29.0, 3693.0)	(30.0, 5165.0)	(31.0, 7597.0)	(32.0, 10509.0)	(33.0, 15457.0)	(34.0, 23754.0)	(35.0, 26932.0)	(36.0, 6642.0)	(37.0, 2.0)
Bch-16S-V3V4-035-2_S35_L002_R2_001	(2.0, 2.0)	(3.0, 0.0)	(4.0, 0.0)	(5.0, 0.0)	(6.0, 0.0)	(7.0, 0.0)	(8.0, 0.0)	(9.0, 0.0)	(10.0, 0.0)	(11.0, 0.0)	(12.0, 6.0)	(13.0, 20.0)	(14.0, 59.0)	(15.0, 80.0)	(16.0, 45.0)	(17.0, 44.0)	(18.0, 27.0)	(19.0, 41.0)	(20.0, 55.0)	(21.0, 88.0)	(22.0, 157.0)	(23.0, 186.0)	(24.0, 298.0)	(25.0, 362.0)	(26.0, 523.0)	(27.0, 855.0)	(28.0, 1403.0)	(29.0, 2216.0)	(30.0, 3453.0)	(31.0, 5187.0)	(32.0, 7795.0)	(33.0, 11573.0)	(34.0, 18762.0)	(35.0, 32720.0)	(36.0, 21006.0)	(37.0, 19.0)
Bch-16S-V3V4-036-2_S36_L002_R1_001	(2.0, 5.0)	(3.0, 0.0)	(4.0, 0.0)	(5.0, 0.0)	(6.0, 0.0)	(7.0, 0.0)	(8.0, 0.0)	(9.0, 0.0)	(10.0, 0.0)	(11.0, 0.0)	(12.0, 0.0)	(13.0, 0.0)	(14.0, 0.0)	(15.0, 0.0)	(16.0, 0.0)	(17.0, 0.0)	(18.0, 2.0)	(19.0, 0.0)	(20.0, 6.0)	(21.0, 14.0)	(22.0, 54.0)	(23.0, 104.0)	(24.0, 177.0)	(25.0, 286.0)	(26.0, 542.0)	(27.0, 781.0)	(28.0, 1308.0)	(29.0, 1701.0)	(30.0, 2356.0)	(31.0, 3197.0)	(32.0, 4560.0)	(33.0, 7148.0)	(34.0, 12183.0)	(35.0, 24608.0)	(36.0, 36721.0)	(37.0, 43.0)
Bch-16S-V3V4-036-2_S36_L002_R2_001	(2.0, 5.0)	(3.0, 0.0)	(4.0, 0.0)	(5.0, 0.0)	(6.0, 0.0)	(7.0, 0.0)	(8.0, 0.0)	(9.0, 0.0)	(10.0, 0.0)	(11.0, 0.0)	(12.0, 4.0)	(13.0, 34.0)	(14.0, 103.0)	(15.0, 117.0)	(16.0, 61.0)	(17.0, 42.0)	(18.0, 31.0)	(19.0, 37.0)	(20.0, 51.0)	(21.0, 89.0)	(22.0, 146.0)	(23.0, 216.0)	(24.0, 317.0)	(25.0, 310.0)	(26.0, 466.0)	(27.0, 727.0)	(28.0, 1083.0)	(29.0, 1684.0)	(30.0, 2521.0)	(31.0, 3729.0)	(32.0, 5615.0)	(33.0, 8400.0)	(34.0, 13197.0)	(35.0, 26245.0)	(36.0, 30521.0)	(37.0, 45.0)
Bch-16S-V3V4-037-2_S37_L002_R1_001	(15.0, 1.0)	(16.0, 0.0)	(17.0, 0.0)	(18.0, 1.0)	(19.0, 3.0)	(20.0, 16.0)	(21.0, 45.0)	(22.0, 172.0)	(23.0, 372.0)	(24.0, 722.0)	(25.0, 1326.0)	(26.0, 2154.0)	(27.0, 3026.0)	(28.0, 4499.0)	(29.0, 6420.0)	(30.0, 8782.0)	(31.0, 12692.0)	(32.0, 17307.0)	(33.0, 20580.0)	(34.0, 15219.0)	(35.0, 4883.0)	(36.0, 453.0)														
Bch-16S-V3V4-037-2_S37_L002_R2_001	(12.0, 12.0)	(13.0, 37.0)	(14.0, 64.0)	(15.0, 69.0)	(16.0, 80.0)	(17.0, 33.0)	(18.0, 32.0)	(19.0, 48.0)	(20.0, 59.0)	(21.0, 101.0)	(22.0, 130.0)	(23.0, 181.0)	(24.0, 238.0)	(25.0, 310.0)	(26.0, 464.0)	(27.0, 789.0)	(28.0, 1235.0)	(29.0, 1985.0)	(30.0, 3236.0)	(31.0, 5040.0)	(32.0, 7625.0)	(33.0, 12299.0)	(34.0, 21113.0)	(35.0, 31225.0)	(36.0, 12265.0)	(37.0, 3.0)										
Bch-16S-V3V4-038-2_S38_L002_R1_001	(2.0, 3.0)	(3.0, 0.0)	(4.0, 0.0)	(5.0, 0.0)	(6.0, 0.0)	(7.0, 0.0)	(8.0, 0.0)	(9.0, 0.0)	(10.0, 0.0)	(11.0, 0.0)	(12.0, 0.0)	(13.0, 0.0)	(14.0, 0.0)	(15.0, 0.0)	(16.0, 0.0)	(17.0, 3.0)	(18.0, 3.0)	(19.0, 2.0)	(20.0, 7.0)	(21.0, 41.0)	(22.0, 95.0)	(23.0, 216.0)	(24.0, 375.0)	(25.0, 619.0)	(26.0, 1034.0)	(27.0, 1585.0)	(28.0, 2126.0)	(29.0, 2856.0)	(30.0, 4061.0)	(31.0, 5669.0)	(32.0, 8425.0)	(33.0, 12772.0)	(34.0, 20476.0)	(35.0, 38617.0)	(36.0, 32095.0)	(37.0, 14.0)
Bch-16S-V3V4-038-2_S38_L002_R2_001	(2.0, 4.0)	(3.0, 0.0)	(4.0, 0.0)	(5.0, 0.0)	(6.0, 0.0)	(7.0, 0.0)	(8.0, 0.0)	(9.0, 0.0)	(10.0, 0.0)	(11.0, 0.0)	(12.0, 1.0)	(13.0, 31.0)	(14.0, 126.0)	(15.0, 146.0)	(16.0, 83.0)	(17.0, 43.0)	(18.0, 22.0)	(19.0, 43.0)	(20.0, 68.0)	(21.0, 114.0)	(22.0, 174.0)	(23.0, 294.0)	(24.0, 428.0)	(25.0, 369.0)	(26.0, 495.0)	(27.0, 844.0)	(28.0, 1258.0)	(29.0, 2000.0)	(30.0, 3150.0)	(31.0, 4929.0)	(32.0, 7661.0)	(33.0, 11652.0)	(34.0, 18410.0)	(35.0, 36127.0)	(36.0, 42553.0)	(37.0, 69.0)
Bch-16S-V3V4-039-2_S39_L002_R1_001	(2.0, 3.0)	(3.0, 0.0)	(4.0, 0.0)	(5.0, 0.0)	(6.0, 0.0)	(7.0, 0.0)	(8.0, 0.0)	(9.0, 0.0)	(10.0, 0.0)	(11.0, 0.0)	(12.0, 0.0)	(13.0, 0.0)	(14.0, 0.0)	(15.0, 0.0)	(16.0, 1.0)	(17.0, 0.0)	(18.0, 2.0)	(19.0, 1.0)	(20.0, 10.0)	(21.0, 21.0)	(22.0, 94.0)	(23.0, 186.0)	(24.0, 294.0)	(25.0, 391.0)	(26.0, 709.0)	(27.0, 1128.0)	(28.0, 1529.0)	(29.0, 2119.0)	(30.0, 2882.0)	(31.0, 4024.0)	(32.0, 5960.0)	(33.0, 9029.0)	(34.0, 14341.0)	(35.0, 28785.0)	(36.0, 28880.0)	(37.0, 16.0)
Bch-16S-V3V4-039-2_S39_L002_R2_001	(2.0, 3.0)	(3.0, 0.0)	(4.0, 0.0)	(5.0, 0.0)	(6.0, 0.0)	(7.0, 0.0)	(8.0, 0.0)	(9.0, 0.0)	(10.0, 0.0)	(11.0, 0.0)	(12.0, 6.0)	(13.0, 42.0)	(14.0, 94.0)	(15.0, 97.0)	(16.0, 57.0)	(17.0, 26.0)	(18.0, 24.0)	(19.0, 23.0)	(20.0, 28.0)	(21.0, 89.0)	(22.0, 153.0)	(23.0, 258.0)	(24.0, 367.0)	(25.0, 359.0)	(26.0, 424.0)	(27.0, 686.0)	(28.0, 1023.0)	(29.0, 1650.0)	(30.0, 2591.0)	(31.0, 3945.0)	(32.0, 5892.0)	(33.0, 9200.0)	(34.0, 14156.0)	(35.0, 28046.0)	(36.0, 31116.0)	(37.0, 50.0)
Bch-16S-V3V4-040-2_S40_L002_R1_001	(2.0, 6.0)	(3.0, 0.0)	(4.0, 0.0)	(5.0, 0.0)	(6.0, 0.0)	(7.0, 0.0)	(8.0, 0.0)	(9.0, 0.0)	(10.0, 0.0)	(11.0, 0.0)	(12.0, 0.0)	(13.0, 0.0)	(14.0, 0.0)	(15.0, 1.0)	(16.0, 0.0)	(17.0, 1.0)	(18.0, 0.0)	(19.0, 2.0)	(20.0, 4.0)	(21.0, 16.0)	(22.0, 50.0)	(23.0, 122.0)	(24.0, 202.0)	(25.0, 354.0)	(26.0, 649.0)	(27.0, 982.0)	(28.0, 1397.0)	(29.0, 1918.0)	(30.0, 2509.0)	(31.0, 3498.0)	(32.0, 5213.0)	(33.0, 7970.0)	(34.0, 13152.0)	(35.0, 26768.0)	(36.0, 32295.0)	(37.0, 50.0)
Bch-16S-V3V4-040-2_S40_L002_R2_001	(2.0, 5.0)	(3.0, 0.0)	(4.0, 0.0)	(5.0, 0.0)	(6.0, 0.0)	(7.0, 0.0)	(8.0, 0.0)	(9.0, 0.0)	(10.0, 0.0)	(11.0, 0.0)	(12.0, 3.0)	(13.0, 35.0)	(14.0, 80.0)	(15.0, 107.0)	(16.0, 66.0)	(17.0, 35.0)	(18.0, 22.0)	(19.0, 31.0)	(20.0, 51.0)	(21.0, 89.0)	(22.0, 136.0)	(23.0, 204.0)	(24.0, 327.0)	(25.0, 346.0)	(26.0, 478.0)	(27.0, 708.0)	(28.0, 1026.0)	(29.0, 1640.0)	(30.0, 2467.0)	(31.0, 3739.0)	(32.0, 5661.0)	(33.0, 8381.0)	(34.0, 13195.0)	(35.0, 26066.0)	(36.0, 32212.0)	(37.0, 49.0)
Bch-16S-V3V4-041-2_S41_L002_R1_001	(2.0, 4.0)	(3.0, 0.0)	(4.0, 0.0)	(5.0, 0.0)	(6.0, 0.0)	(7.0, 0.0)	(8.0, 0.0)	(9.0, 0.0)	(10.0, 0.0)	(11.0, 0.0)	(12.0, 0.0)	(13.0, 0.0)	(14.0, 0.0)	(15.0, 0.0)	(16.0, 0.0)	(17.0, 3.0)	(18.0, 1.0)	(19.0, 8.0)	(20.0, 34.0)	(21.0, 74.0)	(22.0, 174.0)	(23.0, 305.0)	(24.0, 639.0)	(25.0, 1089.0)	(26.0, 1791.0)	(27.0, 2518.0)	(28.0, 3452.0)	(29.0, 4889.0)	(30.0, 6764.0)	(31.0, 9556.0)	(32.0, 12655.0)	(33.0, 18369.0)	(34.0, 27727.0)	(35.0, 29864.0)	(36.0, 6335.0)	(37.0, 2.0)
Bch-16S-V3V4-041-2_S41_L002_R2_001	(2.0, 4.0)	(3.0, 0.0)	(4.0, 0.0)	(5.0, 0.0)	(6.0, 0.0)	(7.0, 0.0)	(8.0, 0.0)	(9.0, 0.0)	(10.0, 0.0)	(11.0, 0.0)	(12.0, 6.0)	(13.0, 42.0)	(14.0, 150.0)	(15.0, 153.0)	(16.0, 100.0)	(17.0, 26.0)	(18.0, 29.0)	(19.0, 32.0)	(20.0, 43.0)	(21.0, 93.0)	(22.0, 127.0)	(23.0, 196.0)	(24.0, 424.0)	(25.0, 312.0)	(26.0, 409.0)	(27.0, 616.0)	(28.0, 992.0)	(29.0, 1660.0)	(30.0, 2695.0)	(31.0, 4086.0)	(32.0, 6861.0)	(33.0, 11235.0)	(34.0, 18647.0)	(35.0, 38146.0)	(36.0, 39101.0)	(37.0, 68.0)
Bch-16S-V3V4-042-2_S42_L002_R1_001	(2.0, 3.0)	(3.0, 0.0)	(4.0, 0.0)	(5.0, 0.0)	(6.0, 0.0)	(7.0, 0.0)	(8.0, 0.0)	(9.0, 0.0)	(10.0, 0.0)	(11.0, 0.0)	(12.0, 0.0)	(13.0, 0.0)	(14.0, 0.0)	(15.0, 0.0)	(16.0, 0.0)	(17.0, 0.0)	(18.0, 1.0)	(19.0, 1.0)	(20.0, 5.0)	(21.0, 15.0)	(22.0, 56.0)	(23.0, 110.0)	(24.0, 252.0)	(25.0, 369.0)	(26.0, 578.0)	(27.0, 976.0)	(28.0, 1380.0)	(29.0, 1834.0)	(30.0, 2460.0)	(31.0, 3299.0)	(32.0, 4820.0)	(33.0, 7620.0)	(34.0, 13100.0)	(35.0, 27120.0)	(36.0, 45280.0)	(37.0, 101.0)
Bch-16S-V3V4-042-2_S42_L002_R2_001	(2.0, 3.0)	(3.0, 0.0)	(4.0, 0.0)	(5.0, 0.0)	(6.0, 0.0)	(7.0, 0.0)	(8.0, 0.0)	(9.0, 0.0)	(10.0, 0.0)	(11.0, 0.0)	(12.0, 7.0)	(13.0, 25.0)	(14.0, 101.0)	(15.0, 110.0)	(16.0, 63.0)	(17.0, 35.0)	(18.0, 19.0)	(19.0, 33.0)	(20.0, 53.0)	(21.0, 124.0)	(22.0, 157.0)	(23.0, 261.0)	(24.0, 390.0)	(25.0, 379.0)	(26.0, 501.0)	(27.0, 806.0)	(28.0, 1211.0)	(29.0, 1766.0)	(30.0, 2658.0)	(31.0, 4181.0)	(32.0, 6119.0)	(33.0, 9524.0)	(34.0, 14482.0)	(35.0, 28806.0)	(36.0, 37503.0)	(37.0, 63.0)
Bch-16S-V3V4-043-2_S43_L002_R1_001	(2.0, 6.0)	(3.0, 0.0)	(4.0, 0.0)	(5.0, 0.0)	(6.0, 0.0)	(7.0, 0.0)	(8.0, 0.0)	(9.0, 0.0)	(10.0, 0.0)	(11.0, 0.0)	(12.0, 0.0)	(13.0, 0.0)	(14.0, 0.0)	(15.0, 0.0)	(16.0, 0.0)	(17.0, 1.0)	(18.0, 0.0)	(19.0, 7.0)	(20.0, 10.0)	(21.0, 46.0)	(22.0, 110.0)	(23.0, 276.0)	(24.0, 486.0)	(25.0, 740.0)	(26.0, 1248.0)	(27.0, 1861.0)	(28.0, 2442.0)	(29.0, 3247.0)	(30.0, 4444.0)	(31.0, 6055.0)	(32.0, 8971.0)	(33.0, 13783.0)	(34.0, 22092.0)	(35.0, 43607.0)	(36.0, 39662.0)	(37.0, 23.0)
Bch-16S-V3V4-043-2_S43_L002_R2_001	(2.0, 5.0)	(3.0, 0.0)	(4.0, 0.0)	(5.0, 0.0)	(6.0, 0.0)	(7.0, 0.0)	(8.0, 0.0)	(9.0, 0.0)	(10.0, 0.0)	(11.0, 0.0)	(12.0, 5.0)	(13.0, 37.0)	(14.0, 140.0)	(15.0, 157.0)	(16.0, 78.0)	(17.0, 40.0)	(18.0, 39.0)	(19.0, 38.0)	(20.0, 56.0)	(21.0, 147.0)	(22.0, 190.0)	(23.0, 288.0)	(24.0, 508.0)	(25.0, 478.0)	(26.0, 633.0)	(27.0, 947.0)	(28.0, 1545.0)	(29.0, 2343.0)	(30.0, 3551.0)	(31.0, 5514.0)	(32.0, 8364.0)	(33.0, 12999.0)	(34.0, 20175.0)	(35.0, 40207.0)	(36.0, 50545.0)	(37.0, 88.0)
Bch-16S-V3V4-044-2_S44_L002_R1_001	(2.0, 1.0)	(3.0, 0.0)	(4.0, 0.0)	(5.0, 0.0)	(6.0, 0.0)	(7.0, 0.0)	(8.0, 0.0)	(9.0, 0.0)	(10.0, 0.0)	(11.0, 0.0)	(12.0, 0.0)	(13.0, 0.0)	(14.0, 0.0)	(15.0, 0.0)	(16.0, 0.0)	(17.0, 0.0)	(18.0, 1.0)	(19.0, 1.0)	(20.0, 8.0)	(21.0, 34.0)	(22.0, 63.0)	(23.0, 160.0)	(24.0, 332.0)	(25.0, 482.0)	(26.0, 863.0)	(27.0, 1288.0)	(28.0, 1783.0)	(29.0, 2378.0)	(30.0, 2956.0)	(31.0, 4089.0)	(32.0, 5761.0)	(33.0, 9180.0)	(34.0, 15608.0)	(35.0, 32403.0)	(36.0, 50653.0)	(37.0, 91.0)
Bch-16S-V3V4-044-2_S44_L002_R2_001	(2.0, 1.0)	(3.0, 0.0)	(4.0, 0.0)	(5.0, 0.0)	(6.0, 0.0)	(7.0, 0.0)	(8.0, 0.0)	(9.0, 0.0)	(10.0, 0.0)	(11.0, 0.0)	(12.0, 9.0)	(13.0, 46.0)	(14.0, 113.0)	(15.0, 135.0)	(16.0, 70.0)	(17.0, 34.0)	(18.0, 39.0)	(19.0, 45.0)	(20.0, 87.0)	(21.0, 132.0)	(22.0, 231.0)	(23.0, 320.0)	(24.0, 466.0)	(25.0, 531.0)	(26.0, 738.0)	(27.0, 1008.0)	(28.0, 1507.0)	(29.0, 2342.0)	(30.0, 3533.0)	(31.0, 5134.0)	(32.0, 7550.0)	(33.0, 11243.0)	(34.0, 17516.0)	(35.0, 34606.0)	(36.0, 40635.0)	(37.0, 64.0)
Bch-16S-V3V4-045-2_S45_L002_R1_001	(2.0, 5.0)	(3.0, 0.0)	(4.0, 0.0)	(5.0, 0.0)	(6.0, 0.0)	(7.0, 0.0)	(8.0, 0.0)	(9.0, 0.0)	(10.0, 0.0)	(11.0, 0.0)	(12.0, 0.0)	(13.0, 0.0)	(14.0, 0.0)	(15.0, 0.0)	(16.0, 0.0)	(17.0, 0.0)	(18.0, 0.0)	(19.0, 1.0)	(20.0, 10.0)	(21.0, 18.0)	(22.0, 64.0)	(23.0, 167.0)	(24.0, 350.0)	(25.0, 554.0)	(26.0, 972.0)	(27.0, 1373.0)	(28.0, 1961.0)	(29.0, 2533.0)	(30.0, 3336.0)	(31.0, 4494.0)	(32.0, 6442.0)	(33.0, 10208.0)	(34.0, 16804.0)	(35.0, 34412.0)	(36.0, 41283.0)	(37.0, 58.0)
Bch-16S-V3V4-045-2_S45_L002_R2_001	(2.0, 5.0)	(3.0, 0.0)	(4.0, 0.0)	(5.0, 0.0)	(6.0, 0.0)	(7.0, 0.0)	(8.0, 0.0)	(9.0, 0.0)	(10.0, 0.0)	(11.0, 0.0)	(12.0, 11.0)	(13.0, 43.0)	(14.0, 138.0)	(15.0, 139.0)	(16.0, 93.0)	(17.0, 41.0)	(18.0, 33.0)	(19.0, 31.0)	(20.0, 49.0)	(21.0, 148.0)	(22.0, 204.0)	(23.0, 338.0)	(24.0, 488.0)	(25.0, 525.0)	(26.0, 705.0)	(27.0, 1084.0)	(28.0, 1600.0)	(29.0, 2564.0)	(30.0, 3638.0)	(31.0, 5577.0)	(32.0, 8146.0)	(33.0, 11899.0)	(34.0, 18534.0)	(35.0, 35090.0)	(36.0, 33876.0)	(37.0, 46.0)
Bch-16S-V3V4-046-2_S46_L002_R1_001	(2.0, 2.0)	(3.0, 0.0)	(4.0, 0.0)	(5.0, 0.0)	(6.0, 0.0)	(7.0, 0.0)	(8.0, 0.0)	(9.0, 0.0)	(10.0, 0.0)	(11.0, 0.0)	(12.0, 0.0)	(13.0, 0.0)	(14.0, 0.0)	(15.0, 0.0)	(16.0, 0.0)	(17.0, 0.0)	(18.0, 0.0)	(19.0, 1.0)	(20.0, 5.0)	(21.0, 14.0)	(22.0, 57.0)	(23.0, 144.0)	(24.0, 229.0)	(25.0, 421.0)	(26.0, 693.0)	(27.0, 1181.0)	(28.0, 1654.0)	(29.0, 2316.0)	(30.0, 3023.0)	(31.0, 3990.0)	(32.0, 5890.0)	(33.0, 9124.0)	(34.0, 15664.0)	(35.0, 31683.0)	(36.0, 52438.0)	(37.0, 111.0)
Bch-16S-V3V4-046-2_S46_L002_R2_001	(2.0, 1.0)	(3.0, 0.0)	(4.0, 0.0)	(5.0, 0.0)	(6.0, 0.0)	(7.0, 0.0)	(8.0, 0.0)	(9.0, 0.0)	(10.0, 0.0)	(11.0, 0.0)	(12.0, 3.0)	(13.0, 29.0)	(14.0, 131.0)	(15.0, 125.0)	(16.0, 82.0)	(17.0, 30.0)	(18.0, 30.0)	(19.0, 36.0)	(20.0, 66.0)	(21.0, 113.0)	(22.0, 186.0)	(23.0, 269.0)	(24.0, 425.0)	(25.0, 474.0)	(26.0, 668.0)	(27.0, 955.0)	(28.0, 1447.0)	(29.0, 2148.0)	(30.0, 3320.0)	(31.0, 5011.0)	(32.0, 7576.0)	(33.0, 11289.0)	(34.0, 17272.0)	(35.0, 34421.0)	(36.0, 42466.0)	(37.0, 67.0)
Bch-16S-V3V4-047-2_S47_L002_R1_001	(2.0, 4.0)	(3.0, 0.0)	(4.0, 0.0)	(5.0, 0.0)	(6.0, 0.0)	(7.0, 0.0)	(8.0, 0.0)	(9.0, 0.0)	(10.0, 0.0)	(11.0, 0.0)	(12.0, 0.0)	(13.0, 0.0)	(14.0, 0.0)	(15.0, 0.0)	(16.0, 0.0)	(17.0, 0.0)	(18.0, 1.0)	(19.0, 2.0)	(20.0, 6.0)	(21.0, 22.0)	(22.0, 57.0)	(23.0, 149.0)	(24.0, 232.0)	(25.0, 395.0)	(26.0, 664.0)	(27.0, 1063.0)	(28.0, 1483.0)	(29.0, 1940.0)	(30.0, 2553.0)	(31.0, 3446.0)	(32.0, 5121.0)	(33.0, 7820.0)	(34.0, 13441.0)	(35.0, 27153.0)	(36.0, 40361.0)	(37.0, 52.0)
Bch-16S-V3V4-047-2_S47_L002_R2_001	(2.0, 4.0)	(3.0, 0.0)	(4.0, 0.0)	(5.0, 0.0)	(6.0, 0.0)	(7.0, 0.0)	(8.0, 0.0)	(9.0, 0.0)	(10.0, 0.0)	(11.0, 0.0)	(12.0, 5.0)	(13.0, 34.0)	(14.0, 124.0)	(15.0, 119.0)	(16.0, 67.0)	(17.0, 36.0)	(18.0, 31.0)	(19.0, 31.0)	(20.0, 52.0)	(21.0, 103.0)	(22.0, 187.0)	(23.0, 247.0)	(24.0, 411.0)	(25.0, 399.0)	(26.0, 553.0)	(27.0, 828.0)	(28.0, 1214.0)	(29.0, 1856.0)	(30.0, 2960.0)	(31.0, 4437.0)	(32.0, 6462.0)	(33.0, 9448.0)	(34.0, 14810.0)	(35.0, 28980.0)	(36.0, 32530.0)	(37.0, 37.0)
Bch-16S-V3V4-048-2_S48_L002_R1_001	(2.0, 2.0)	(3.0, 0.0)	(4.0, 0.0)	(5.0, 0.0)	(6.0, 0.0)	(7.0, 0.0)	(8.0, 0.0)	(9.0, 0.0)	(10.0, 0.0)	(11.0, 0.0)	(12.0, 0.0)	(13.0, 0.0)	(14.0, 0.0)	(15.0, 0.0)	(16.0, 0.0)	(17.0, 0.0)	(18.0, 0.0)	(19.0, 0.0)	(20.0, 4.0)	(21.0, 21.0)	(22.0, 63.0)	(23.0, 132.0)	(24.0, 269.0)	(25.0, 391.0)	(26.0, 736.0)	(27.0, 1177.0)	(28.0, 1688.0)	(29.0, 2189.0)	(30.0, 2933.0)	(31.0, 3785.0)	(32.0, 5599.0)	(33.0, 8875.0)	(34.0, 14786.0)	(35.0, 30219.0)	(36.0, 41030.0)	(37.0, 45.0)
Bch-16S-V3V4-048-2_S48_L002_R2_001	(2.0, 1.0)	(3.0, 0.0)	(4.0, 0.0)	(5.0, 0.0)	(6.0, 0.0)	(7.0, 0.0)	(8.0, 0.0)	(9.0, 0.0)	(10.0, 0.0)	(11.0, 0.0)	(12.0, 4.0)	(13.0, 30.0)	(14.0, 108.0)	(15.0, 123.0)	(16.0, 76.0)	(17.0, 36.0)	(18.0, 26.0)	(19.0, 31.0)	(20.0, 51.0)	(21.0, 85.0)	(22.0, 149.0)	(23.0, 249.0)	(24.0, 371.0)	(25.0, 356.0)	(26.0, 554.0)	(27.0, 776.0)	(28.0, 1186.0)	(29.0, 1902.0)	(30.0, 2743.0)	(31.0, 4322.0)	(32.0, 6468.0)	(33.0, 9785.0)	(34.0, 15201.0)	(35.0, 30404.0)	(36.0, 38859.0)	(37.0, 48.0)
Bch-16S-V3V4-049-2_S49_L002_R1_001	(2.0, 3.0)	(3.0, 0.0)	(4.0, 0.0)	(5.0, 0.0)	(6.0, 0.0)	(7.0, 0.0)	(8.0, 0.0)	(9.0, 0.0)	(10.0, 0.0)	(11.0, 0.0)	(12.0, 0.0)	(13.0, 0.0)	(14.0, 0.0)	(15.0, 0.0)	(16.0, 1.0)	(17.0, 1.0)	(18.0, 2.0)	(19.0, 3.0)	(20.0, 11.0)	(21.0, 14.0)	(22.0, 86.0)	(23.0, 207.0)	(24.0, 408.0)	(25.0, 666.0)	(26.0, 1039.0)	(27.0, 1510.0)	(28.0, 2221.0)	(29.0, 2967.0)	(30.0, 3953.0)	(31.0, 5849.0)	(32.0, 8442.0)	(33.0, 11977.0)	(34.0, 19061.0)	(35.0, 30325.0)	(36.0, 13674.0)	(37.0, 6.0)
Bch-16S-V3V4-049-2_S49_L002_R2_001	(2.0, 3.0)	(3.0, 0.0)	(4.0, 0.0)	(5.0, 0.0)	(6.0, 0.0)	(7.0, 0.0)	(8.0, 0.0)	(9.0, 0.0)	(10.0, 0.0)	(11.0, 0.0)	(12.0, 1.0)	(13.0, 23.0)	(14.0, 114.0)	(15.0, 133.0)	(16.0, 67.0)	(17.0, 25.0)	(18.0, 13.0)	(19.0, 26.0)	(20.0, 42.0)	(21.0, 71.0)	(22.0, 112.0)	(23.0, 213.0)	(24.0, 284.0)	(25.0, 265.0)	(26.0, 319.0)	(27.0, 489.0)	(28.0, 785.0)	(29.0, 1346.0)	(30.0, 2077.0)	(31.0, 3305.0)	(32.0, 5308.0)	(33.0, 8409.0)	(34.0, 13699.0)	(35.0, 27859.0)	(36.0, 37370.0)	(37.0, 68.0)
Bch-16S-V3V4-050-2_S50_L002_R1_001	(2.0, 4.0)	(3.0, 0.0)	(4.0, 0.0)	(5.0, 0.0)	(6.0, 0.0)	(7.0, 0.0)	(8.0, 0.0)	(9.0, 0.0)	(10.0, 0.0)	(11.0, 0.0)	(12.0, 0.0)	(13.0, 0.0)	(14.0, 0.0)	(15.0, 0.0)	(16.0, 0.0)	(17.0, 0.0)	(18.0, 0.0)	(19.0, 0.0)	(20.0, 5.0)	(21.0, 24.0)	(22.0, 67.0)	(23.0, 168.0)	(24.0, 352.0)	(25.0, 577.0)	(26.0, 1026.0)	(27.0, 1562.0)	(28.0, 2101.0)	(29.0, 2739.0)	(30.0, 3611.0)	(31.0, 5023.0)	(32.0, 7269.0)	(33.0, 11400.0)	(34.0, 18845.0)	(35.0, 38206.0)	(36.0, 42669.0)	(37.0, 37.0)
Bch-16S-V3V4-050-2_S50_L002_R2_001	(2.0, 5.0)	(3.0, 0.0)	(4.0, 0.0)	(5.0, 0.0)	(6.0, 0.0)	(7.0, 0.0)	(8.0, 0.0)	(9.0, 0.0)	(10.0, 0.0)	(11.0, 0.0)	(12.0, 4.0)	(13.0, 50.0)	(14.0, 120.0)	(15.0, 125.0)	(16.0, 90.0)	(17.0, 42.0)	(18.0, 35.0)	(19.0, 42.0)	(20.0, 61.0)	(21.0, 121.0)	(22.0, 209.0)	(23.0, 284.0)	(24.0, 406.0)	(25.0, 483.0)	(26.0, 685.0)	(27.0, 1066.0)	(28.0, 1675.0)	(29.0, 2469.0)	(30.0, 3852.0)	(31.0, 5660.0)	(32.0, 8435.0)	(33.0, 12412.0)	(34.0, 19606.0)	(35.0, 37568.0)	(36.0, 40113.0)	(37.0, 67.0)
Bch-16S-V3V4-051-2_S51_L002_R1_001	(2.0, 3.0)	(3.0, 0.0)	(4.0, 0.0)	(5.0, 0.0)	(6.0, 0.0)	(7.0, 0.0)	(8.0, 0.0)	(9.0, 0.0)	(10.0, 0.0)	(11.0, 0.0)	(12.0, 0.0)	(13.0, 0.0)	(14.0, 0.0)	(15.0, 0.0)	(16.0, 1.0)	(17.0, 6.0)	(18.0, 9.0)	(19.0, 6.0)	(20.0, 22.0)	(21.0, 36.0)	(22.0, 126.0)	(23.0, 278.0)	(24.0, 617.0)	(25.0, 1051.0)	(26.0, 1652.0)	(27.0, 2443.0)	(28.0, 3443.0)	(29.0, 4775.0)	(30.0, 6387.0)	(31.0, 8455.0)	(32.0, 11769.0)	(33.0, 15741.0)	(34.0, 15151.0)	(35.0, 6560.0)	(36.0, 600.0)	
Bch-16S-V3V4-051-2_S51_L002_R2_001	(2.0, 1.0)	(3.0, 0.0)	(4.0, 0.0)	(5.0, 0.0)	(6.0, 0.0)	(7.0, 0.0)	(8.0, 0.0)	(9.0, 0.0)	(10.0, 0.0)	(11.0, 0.0)	(12.0, 2.0)	(13.0, 24.0)	(14.0, 83.0)	(15.0, 71.0)	(16.0, 53.0)	(17.0, 20.0)	(18.0, 26.0)	(19.0, 18.0)	(20.0, 33.0)	(21.0, 44.0)	(22.0, 77.0)	(23.0, 103.0)	(24.0, 170.0)	(25.0, 196.0)	(26.0, 233.0)	(27.0, 293.0)	(28.0, 467.0)	(29.0, 822.0)	(30.0, 1315.0)	(31.0, 2265.0)	(32.0, 3814.0)	(33.0, 6285.0)	(34.0, 10898.0)	(35.0, 23783.0)	(36.0, 27994.0)	(37.0, 41.0)
Bch-16S-V3V4-052-2_S52_L002_R1_001	(2.0, 4.0)	(3.0, 0.0)	(4.0, 0.0)	(5.0, 0.0)	(6.0, 0.0)	(7.0, 0.0)	(8.0, 0.0)	(9.0, 0.0)	(10.0, 0.0)	(11.0, 0.0)	(12.0, 0.0)	(13.0, 0.0)	(14.0, 0.0)	(15.0, 0.0)	(16.0, 0.0)	(17.0, 2.0)	(18.0, 6.0)	(19.0, 5.0)	(20.0, 8.0)	(21.0, 27.0)	(22.0, 88.0)	(23.0, 192.0)	(24.0, 346.0)	(25.0, 423.0)	(26.0, 741.0)	(27.0, 1103.0)	(28.0, 1683.0)	(29.0, 2212.0)	(30.0, 3125.0)	(31.0, 4481.0)	(32.0, 6836.0)	(33.0, 10323.0)	(34.0, 16644.0)	(35.0, 33027.0)	(36.0, 32897.0)	(37.0, 21.0)
Bch-16S-V3V4-052-2_S52_L002_R2_001	(2.0, 3.0)	(3.0, 0.0)	(4.0, 0.0)	(5.0, 0.0)	(6.0, 0.0)	(7.0, 0.0)	(8.0, 0.0)	(9.0, 0.0)	(10.0, 0.0)	(11.0, 0.0)	(12.0, 4.0)	(13.0, 31.0)	(14.0, 107.0)	(15.0, 118.0)	(16.0, 70.0)	(17.0, 34.0)	(18.0, 24.0)	(19.0, 44.0)	(20.0, 52.0)	(21.0, 92.0)	(22.0, 148.0)	(23.0, 260.0)	(24.0, 418.0)	(25.0, 345.0)	(26.0, 470.0)	(27.0, 701.0)	(28.0, 1077.0)	(29.0, 1733.0)	(30.0, 2549.0)	(31.0, 4116.0)	(32.0, 6437.0)	(33.0, 9778.0)	(34.0, 15275.0)	(35.0, 31102.0)	(36.0, 39129.0)	(37.0, 77.0)
Bch-16S-V3V4-053-2_S53_L002_R1_001	(2.0, 5.0)	(3.0, 0.0)	(4.0, 0.0)	(5.0, 0.0)	(6.0, 0.0)	(7.0, 0.0)	(8.0, 0.0)	(9.0, 0.0)	(10.0, 0.0)	(11.0, 0.0)	(12.0, 0.0)	(13.0, 0.0)	(14.0, 0.0)	(15.0, 0.0)	(16.0, 0.0)	(17.0, 0.0)	(18.0, 1.0)	(19.0, 3.0)	(20.0, 10.0)	(21.0, 19.0)	(22.0, 84.0)	(23.0, 180.0)	(24.0, 345.0)	(25.0, 552.0)	(26.0, 943.0)	(27.0, 1368.0)	(28.0, 1925.0)	(29.0, 2729.0)	(30.0, 3664.0)	(31.0, 4950.0)	(32.0, 7244.0)	(33.0, 11597.0)	(34.0, 18530.0)	(35.0, 37161.0)	(36.0, 38048.0)	(37.0, 28.0)
Bch-16S-V3V4-053-2_S53_L002_R2_001	(2.0, 4.0)	(3.0, 0.0)	(4.0, 0.0)	(5.0, 0.0)	(6.0, 0.0)	(7.0, 0.0)	(8.0, 0.0)	(9.0, 0.0)	(10.0, 0.0)	(11.0, 0.0)	(12.0, 8.0)	(13.0, 44.0)	(14.0, 133.0)	(15.0, 114.0)	(16.0, 60.0)	(17.0, 43.0)	(18.0, 20.0)	(19.0, 42.0)	(20.0, 63.0)	(21.0, 131.0)	(22.0, 177.0)	(23.0, 277.0)	(24.0, 412.0)	(25.0, 445.0)	(26.0, 618.0)	(27.0, 845.0)	(28.0, 1228.0)	(29.0, 1866.0)	(30.0, 2970.0)	(31.0, 4659.0)	(32.0, 7224.0)	(33.0, 10871.0)	(34.0, 17101.0)	(35.0, 34476.0)	(36.0, 45480.0)	(37.0, 75.0)
Bch-16S-V3V4-054-2_S54_L002_R1_001	(2.0, 1.0)	(3.0, 0.0)	(4.0, 0.0)	(5.0, 0.0)	(6.0, 0.0)	(7.0, 0.0)	(8.0, 0.0)	(9.0, 0.0)	(10.0, 0.0)	(11.0, 0.0)	(12.0, 0.0)	(13.0, 0.0)	(14.0, 0.0)	(15.0, 0.0)	(16.0, 0.0)	(17.0, 0.0)	(18.0, 0.0)	(19.0, 2.0)	(20.0, 5.0)	(21.0, 22.0)	(22.0, 50.0)	(23.0, 120.0)	(24.0, 189.0)	(25.0, 260.0)	(26.0, 509.0)	(27.0, 813.0)	(28.0, 1101.0)	(29.0, 1482.0)	(30.0, 2073.0)	(31.0, 2693.0)	(32.0, 3861.0)	(33.0, 6177.0)	(34.0, 10364.0)	(35.0, 21528.0)	(36.0, 31223.0)	(37.0, 39.0)
Bch-16S-V3V4-054-2_S54_L002_R2_001	(2.0, 1.0)	(3.0, 0.0)	(4.0, 0.0)	(5.0, 0.0)	(6.0, 0.0)	(7.0, 0.0)	(8.0, 0.0)	(9.0, 0.0)	(10.0, 0.0)	(11.0, 0.0)	(12.0, 6.0)	(13.0, 30.0)	(14.0, 87.0)	(15.0, 72.0)	(16.0, 54.0)	(17.0, 24.0)	(18.0, 19.0)	(19.0, 34.0)	(20.0, 61.0)	(21.0, 99.0)	(22.0, 145.0)	(23.0, 225.0)	(24.0, 348.0)	(25.0, 338.0)	(26.0, 433.0)	(27.0, 614.0)	(28.0, 902.0)	(29.0, 1366.0)	(30.0, 2131.0)	(31.0, 3092.0)	(32.0, 4631.0)	(33.0, 7070.0)	(34.0, 11031.0)	(35.0, 22072.0)	(36.0, 27590.0)	(37.0, 37.0)
