Sample	0	1	2	3	4	5	6	7	8	9	10	11	12	13	14	15
Bch-16S-V3V4-001-2_S1_L002_R1_001	(1.0, 11.607937396218453)	(2.0, 3.2274341073181474)	(3.0, 1.9981101437575113)	(4.0, 1.317394934084383)	(5.0, 1.0733649532581673)	(6.0, 0.8476830912910654)	(7.0, 0.866948616093135)	(8.0, 0.6898892691026852)	(9.0, 0.6687889324147042)	('>10', 16.146344596020292)	('>50', 7.041090612184986)	('>100', 26.91577296037724)	('>500', 11.506105336550371)	('>1k', 16.093135051328865)	('>5k', 0.0)	('>10k+', 0.0)
Bch-16S-V3V4-001-2_S1_L002_R2_001	(1.0, 6.513582194985459)	(2.0, 2.172417272919094)	(3.0, 1.5494986376521747)	(4.0, 1.2623505775070412)	(5.0, 1.1329963395502876)	(6.0, 0.7926387347137234)	(7.0, 0.5265910112565709)	(8.0, 0.6385145362971661)	(9.0, 0.5366824766290836)	('>10', 12.933588983789438)	('>50', 7.28970762272598)	('>100', 19.408640129170756)	('>500', 2.391677293285506)	('>1k', 42.851114189517716)	('>5k', 0.0)	('>10k+', 0.0)
Bch-16S-V3V4-002-2_S2_L002_R1_001	(1.0, 7.496962504591563)	(2.0, 2.469554406487525)	(3.0, 1.587267949478681)	(4.0, 1.1302308496510411)	(5.0, 0.9077166511259924)	(6.0, 0.7417139950834958)	(7.0, 0.7219349552146026)	(8.0, 0.6555338927976039)	(9.0, 0.6675425955751462)	('>10', 16.278856206380155)	('>50', 9.144980362238988)	('>100', 24.78808171569043)	('>500', 16.123449464553136)	('>1k', 17.286174451131643)	('>5k', 0.0)	('>10k+', 0.0)
Bch-16S-V3V4-002-2_S2_L002_R2_001	(1.0, 6.351190980757821)	(2.0, 2.1474386143369784)	(3.0, 1.4219716877172162)	(4.0, 1.1839168150094657)	(5.0, 0.8723969370743976)	(6.0, 0.847673137238281)	(7.0, 0.7071006753129326)	(8.0, 0.68378966403888)	(9.0, 0.6802576926337204)	('>10', 11.955016812183889)	('>50', 6.985533045124466)	('>100', 23.692464185809953)	('>500', 4.090729281455737)	('>1k', 38.38052047130626)	('>5k', 0.0)	('>10k+', 0.0)
Bch-16S-V3V4-003-2_S3_L002_R1_001	(1.0, 6.1416698647976995)	(2.0, 2.067355785261754)	(3.0, 1.5099372746890474)	(4.0, 1.2331154409960552)	(5.0, 1.1009959294607636)	(6.0, 0.9776843853611581)	(7.0, 0.8543728412615526)	(8.0, 0.7952336313362316)	(9.0, 0.787054804431666)	('>10', 15.04967064493196)	('>50', 7.518229346889214)	('>100', 24.52704360573021)	('>500', 17.408947636633595)	('>1k', 20.02868880821909)	('>5k', 0.0)	('>10k+', 0.0)
Bch-16S-V3V4-003-2_S3_L002_R2_001	(1.0, 5.248290310606681)	(2.0, 1.7553020818260174)	(3.0, 1.3891422927139236)	(4.0, 1.3086123047305076)	(5.0, 1.03808187634872)	(6.0, 1.0796051514026688)	(7.0, 0.7574851994690054)	(8.0, 0.573776164381838)	(9.0, 0.5662264780083928)	('>10', 11.037012337445816)	('>50', 7.740315954374728)	('>100', 26.119398289996038)	('>500', 5.417529113478078)	('>1k', 35.96922244521758)	('>5k', 0.0)	('>10k+', 0.0)
Bch-16S-V3V4-004-2_S4_L002_R1_001	(1.0, 7.660535781809015)	(2.0, 2.5034177178370935)	(3.0, 1.7132219625941691)	(4.0, 1.1906262422555969)	(5.0, 0.877456636189996)	(6.0, 0.8551566332813)	(7.0, 0.8347957610603166)	(8.0, 0.5817392063138095)	(9.0, 0.7417174880501072)	('>10', 18.05621539863679)	('>50', 8.787170711370093)	('>100', 28.037890613637906)	('>500', 15.526619416515578)	('>1k', 12.633436430448231)	('>5k', 0.0)	('>10k+', 0.0)
Bch-16S-V3V4-004-2_S4_L002_R2_001	(1.0, 7.1679965871299895)	(2.0, 2.3676785696972047)	(3.0, 1.5910567292682691)	(4.0, 1.163478412627619)	(5.0, 0.9792609972949127)	(6.0, 0.796982712649919)	(7.0, 0.5633174647805389)	(8.0, 0.566226160812108)	(9.0, 0.5933739904400857)	('>10', 13.31310173649153)	('>50', 9.410601227469725)	('>100', 22.451255102337623)	('>500', 2.607161209629723)	('>1k', 36.42850909937076)	('>5k', 0.0)	('>10k+', 0.0)
Bch-16S-V3V4-005-2_S5_L002_R1_001	(1.0, 7.22543108900038)	(2.0, 2.5633458408870524)	(3.0, 1.4798262995910452)	(4.0, 1.1062860997512542)	(5.0, 0.9359585142712593)	(6.0, 0.6779375184451284)	(7.0, 0.6964880475568109)	(8.0, 0.6408364602217631)	(9.0, 0.5463974029259243)	('>10', 17.31860533749315)	('>50', 7.455626291158987)	('>100', 25.561785910029933)	('>500', 17.643239596947595)	('>1k', 16.14823559171972)	('>5k', 0.0)	('>10k+', 0.0)
Bch-16S-V3V4-005-2_S5_L002_R2_001	(1.0, 7.17821156035246)	(2.0, 2.264850963362705)	(3.0, 1.5380075045322315)	(4.0, 1.3019098612926348)	(5.0, 0.9317424849276951)	(6.0, 0.7538260466292845)	(7.0, 0.6433660778279017)	(8.0, 0.6745646949702769)	(9.0, 0.6222859311100806)	('>10', 12.902736203043974)	('>50', 8.314009865508663)	('>100', 20.29933808339306)	('>500', 4.767485981702432)	('>1k', 37.8076647413466)	('>5k', 0.0)	('>10k+', 0.0)
Bch-16S-V3V4-006-2_S6_L002_R1_001	(1.0, 6.882800726457745)	(2.0, 2.4019475250202866)	(3.0, 1.3725414428687353)	(4.0, 1.0726844159357007)	(5.0, 0.8848873604080529)	(6.0, 0.7975578654507517)	(7.0, 0.5896672978090344)	(8.0, 0.5749835774179837)	(9.0, 0.5703466130839676)	('>10', 14.703813903164727)	('>50', 9.153367595347579)	('>100', 27.928436183778356)	('>500', 17.326017234050774)	('>1k', 15.740948259206306)	('>5k', 0.0)	('>10k+', 0.0)
Bch-16S-V3V4-006-2_S6_L002_R2_001	(1.0, 6.248309440086556)	(2.0, 2.1082731171992735)	(3.0, 1.3818153715367674)	(4.0, 1.0108582248154874)	(5.0, 0.9235287298581862)	(6.0, 0.7233664361064956)	(7.0, 0.7140925074384635)	(8.0, 0.6058966729780904)	(9.0, 0.5355693805788477)	('>10', 11.450210595463503)	('>50', 8.0289037443487)	('>100', 23.093628038177673)	('>500', 2.6021098187719773)	('>1k', 40.573437922639975)	('>5k', 0.0)	('>10k+', 0.0)
Bch-16S-V3V4-007-2_S7_L002_R1_001	(1.0, 5.848896987050172)	(2.0, 2.048545584694475)	(3.0, 1.3978004815513763)	(4.0, 1.0047504392529447)	(5.0, 0.8199388299603045)	(6.0, 0.6949957701568296)	(7.0, 0.7926075356282943)	(8.0, 0.5986854948916509)	(9.0, 0.6149541224702284)	('>10', 12.347237587037158)	('>50', 6.8757727598099825)	('>100', 22.904926140430792)	('>500', 20.148369883516626)	('>1k', 23.902518383549165)	('>5k', 0.0)	('>10k+', 0.0)
Bch-16S-V3V4-007-2_S7_L002_R2_001	(1.0, 5.205310080041647)	(2.0, 1.7010476996160606)	(3.0, 1.2201470683933104)	(4.0, 0.9865295763649378)	(5.0, 0.9175505954317693)	(6.0, 0.7887030650094359)	(7.0, 0.6969480054662589)	(8.0, 0.5310080041647686)	(9.0, 0.5563870631873494)	('>10', 9.51259191774582)	('>50', 7.0696948005466265)	('>100', 25.88013275200104)	('>500', 5.489034945012039)	('>1k', 39.44491442701894)	('>5k', 0.0)	('>10k+', 0.0)
Bch-16S-V3V4-008-2_S8_L002_R1_001	(1.0, 9.788370493262654)	(2.0, 2.7738437259741837)	(3.0, 1.7359284587059443)	(4.0, 1.339376036903654)	(5.0, 1.0470197871565572)	(6.0, 0.8922429490551531)	(7.0, 0.7435357908792943)	(8.0, 0.7445474042002185)	(9.0, 0.7101525512887954)	('>10', 16.366891919232792)	('>50', 7.556751507303848)	('>100', 27.538137822198845)	('>500', 10.318455873426942)	('>1k', 18.44474568041112)	('>5k', 0.0)	('>10k+', 0.0)
Bch-16S-V3V4-008-2_S8_L002_R2_001	(1.0, 6.267956136446405)	(2.0, 2.1547363735685674)	(3.0, 1.2989115040666857)	(4.0, 1.0520778537611783)	(5.0, 0.9408003884595152)	(6.0, 0.7587099906931575)	(7.0, 0.5594221664710881)	(8.0, 0.655525431958888)	(9.0, 0.573584752964027)	('>10', 12.389228341358798)	('>50', 8.084813660826287)	('>100', 19.037551086472707)	('>500', 10.431756565370453)	('>1k', 35.79492574758225)	('>5k', 0.0)	('>10k+', 0.0)
Bch-16S-V3V4-009-2_S9_L002_R1_001	(1.0, 7.5926378654000635)	(2.0, 2.4814025774456048)	(3.0, 1.4877938043516221)	(4.0, 1.047742115740579)	(5.0, 0.8556560611881395)	(6.0, 0.8591485349072747)	(7.0, 0.7762022840778123)	(8.0, 0.7194495861418643)	(9.0, 0.7700904550693256)	('>10', 17.525233122620755)	('>50', 9.376418817448398)	('>100', 27.916215555477947)	('>500', 14.795864911116544)	('>1k', 13.796144309014075)	('>5k', 0.0)	('>10k+', 0.0)
Bch-16S-V3V4-009-2_S9_L002_R2_001	(1.0, 6.397338735026019)	(2.0, 2.2177208116508926)	(3.0, 1.498271225509028)	(4.0, 1.1909335382251247)	(5.0, 0.9255055355708449)	(6.0, 0.8853420878007893)	(7.0, 0.7089721649844585)	(8.0, 0.7334194810184053)	(9.0, 0.5657807424999127)	('>10', 11.552229944469667)	('>50', 9.82520169035728)	('>100', 23.045087835714035)	('>500', 2.9092306080396746)	('>1k', 37.54496559913387)	('>5k', 0.0)	('>10k+', 0.0)
Bch-16S-V3V4-010-2_S10_L002_R1_001	(1.0, 7.048958704829519)	(2.0, 2.337212099095139)	(3.0, 1.4182514866759006)	(4.0, 1.091473073956424)	(5.0, 0.8791500443721956)	(6.0, 0.761377113899694)	(7.0, 0.8476333446682867)	(8.0, 0.7431306035447993)	(9.0, 0.4926557795821549)	('>10', 15.275646714384056)	('>50', 8.311285466654503)	('>100', 27.66336847168888)	('>500', 18.21831120252797)	('>1k', 14.911545894120476)	('>5k', 0.0)	('>10k+', 0.0)
Bch-16S-V3V4-010-2_S10_L002_R2_001	(1.0, 7.00748936311385)	(2.0, 2.0253626493933035)	(3.0, 1.3809290791317979)	(4.0, 1.091473073956424)	(5.0, 0.8791500443721956)	(6.0, 0.7364955088702922)	(7.0, 0.7837705584261556)	(8.0, 0.6568743727762065)	(9.0, 0.5374426686350781)	('>10', 12.625755778752767)	('>50', 9.375388775078584)	('>100', 24.964543712833105)	('>500', 7.856781481450763)	('>1k', 30.07854293320948)	('>5k', 0.0)	('>10k+', 0.0)
Bch-16S-V3V4-011-2_S11_L002_R1_001	(1.0, 11.228397944885568)	(2.0, 3.1760859411489957)	(3.0, 1.9025377549431728)	(4.0, 1.353469303025585)	(5.0, 0.9756603871503452)	(6.0, 0.8345010119881676)	(7.0, 0.8646011728683378)	(8.0, 0.8552597436296642)	(9.0, 0.7286314806165343)	('>10', 16.302869894649437)	('>50', 8.120815818153512)	('>100', 33.75577352223779)	('>500', 14.806165343297526)	('>1k', 5.095230681405366)	('>5k', 0.0)	('>10k+', 0.0)
Bch-16S-V3V4-011-2_S11_L002_R2_001	(1.0, 6.431055062535679)	(2.0, 2.098707768955317)	(3.0, 1.3327105713840885)	(4.0, 1.1832477035653122)	(5.0, 0.9549016555088484)	(6.0, 0.6974933831542893)	(7.0, 0.7774144999740517)	(8.0, 0.7888318023768748)	(9.0, 0.5791686127977581)	('>10', 12.814365042295917)	('>50', 10.536094244641653)	('>100', 29.54590274534226)	('>500', 14.316259276558203)	('>1k', 17.94384763090975)	('>5k', 0.0)	('>10k+', 0.0)
Bch-16S-V3V4-012-2_S12_L002_R1_001	(1.0, 9.234839847699357)	(2.0, 2.9427581904618494)	(3.0, 1.9618387936412331)	(4.0, 1.5918428808053866)	(5.0, 1.4842859293996171)	(6.0, 1.1745219093510013)	(7.0, 1.6413190784520404)	(8.0, 0.9981285090455396)	(9.0, 1.1035343214231936)	('>10', 20.45948329640545)	('>50', 11.106330802159743)	('>100', 33.426549357885)	('>500', 10.465291371781358)	('>1k', 2.4092757114892334)	('>5k', 0.0)	('>10k+', 0.0)
Bch-16S-V3V4-012-2_S12_L002_R2_001	(1.0, 8.761589261513972)	(2.0, 2.990083249080388)	(3.0, 1.8521307032073484)	(4.0, 1.566029212468002)	(5.0, 1.505797319680771)	(6.0, 1.2132424118570784)	(7.0, 1.1745219093510013)	(8.0, 0.9465011723707704)	(9.0, 1.200335577688386)	('>10', 20.586400499064254)	('>50', 10.990169294641513)	('>100', 26.400929292060145)	('>500', 18.58799234194506)	('>1k', 2.22427775507131)	('>5k', 0.0)	('>10k+', 0.0)
Bch-16S-V3V4-013-2_S13_L002_R1_001	(1.0, 7.987538223785881)	(2.0, 2.285206983855588)	(3.0, 1.4105810015453917)	(4.0, 1.0488935652517015)	(5.0, 0.9165488442442378)	(6.0, 0.8828461513168709)	(7.0, 0.83434715417749)	(8.0, 0.7628316838194193)	(9.0, 0.5992503205865912)	('>10', 16.78311906092789)	('>50', 9.921743991056456)	('>100', 30.213231184033145)	('>500', 16.92368395094203)	('>1k', 9.430177884457304)	('>5k', 0.0)	('>10k+', 0.0)
Bch-16S-V3V4-013-2_S13_L002_R2_001	(1.0, 6.536678394107782)	(2.0, 1.888994837733864)	(3.0, 1.2774142636372605)	(4.0, 1.0028606188143228)	(5.0, 0.846677407687502)	(6.0, 0.6855620951566764)	(7.0, 0.7652977345214218)	(8.0, 0.8351691710781574)	(9.0, 0.6584355374346497)	('>10', 14.491335941866964)	('>50', 8.622135271101174)	('>100', 31.840824647354747)	('>500', 9.795153388353665)	('>1k', 20.75346069115181)	('>5k', 0.0)	('>10k+', 0.0)
Bch-16S-V3V4-014-2_S14_L002_R1_001	(1.0, 7.5238538515243185)	(2.0, 2.2504072608796837)	(3.0, 1.4033046311380033)	(4.0, 1.2194554340237374)	(5.0, 1.0181521992087503)	(6.0, 0.914591575517803)	(7.0, 0.9285548056783802)	(8.0, 0.7912497090993718)	(9.0, 0.5759832441238073)	('>10', 20.144286711659298)	('>50', 10.044216895508495)	('>100', 36.03444263439609)	('>500', 14.560158249941821)	('>1k', 2.591342797300442)	('>5k', 0.0)	('>10k+', 0.0)
Bch-16S-V3V4-014-2_S14_L002_R2_001	(1.0, 7.343495461950197)	(2.0, 2.171282289969746)	(3.0, 1.3928322085175704)	(4.0, 1.1030951826855946)	(5.0, 0.925063998138236)	(6.0, 0.8098673493134746)	(7.0, 0.8471026297416803)	(8.0, 0.688852687921806)	(9.0, 0.7330695834303003)	('>10', 15.481731440539912)	('>50', 10.517803118454735)	('>100', 29.271584826623226)	('>500', 9.968582732138701)	('>1k', 18.745636490574817)	('>5k', 0.0)	('>10k+', 0.0)
Bch-16S-V3V4-015-2_S15_L002_R1_001	(1.0, 7.170678644115376)	(2.0, 2.2843708330409154)	(3.0, 1.3053547617376657)	(4.0, 0.8842725805319671)	(5.0, 0.8114604533651485)	(6.0, 0.7158397080496877)	(7.0, 0.8167239806302197)	(8.0, 0.6456593445154045)	(9.0, 0.7263667625798301)	('>10', 15.887079795073339)	('>50', 8.850621096217278)	('>100', 30.142466137974594)	('>500', 18.172327882658433)	('>1k', 11.586778019510142)	('>5k', 0.0)	('>10k+', 0.0)
Bch-16S-V3V4-015-2_S15_L002_R2_001	(1.0, 6.715383535686714)	(2.0, 2.1089199242052072)	(3.0, 1.2606147799845602)	(4.0, 1.0667415257211033)	(5.0, 0.9342760895501439)	(6.0, 0.8211102533511124)	(7.0, 0.5342480174047302)	(8.0, 0.5474068355674082)	(9.0, 0.5526703628324795)	('>10', 12.903537090322128)	('>50', 8.725173696399748)	('>100', 28.558144431188154)	('>500', 7.111902589655414)	('>1k', 28.159870868131097)	('>5k', 0.0)	('>10k+', 0.0)
Bch-16S-V3V4-016-2_S16_L002_R1_001	(1.0, 7.171519107779625)	(2.0, 2.2355150702838658)	(3.0, 1.4048499590458934)	(4.0, 1.072252972275311)	(5.0, 0.9638693770839022)	(6.0, 0.7148353148502072)	(7.0, 0.7413106968816964)	(8.0, 0.7744049244210578)	(9.0, 0.7371739184392762)	('>10', 17.330619606675103)	('>50', 8.13373377348656)	('>100', 29.370299585494802)	('>500', 15.801666294356606)	('>1k', 13.547949398926093)	('>5k', 0.0)	('>10k+', 0.0)
Bch-16S-V3V4-016-2_S16_L002_R2_001	(1.0, 6.486468597714843)	(2.0, 1.8218372260418474)	(3.0, 1.3328700141477823)	(4.0, 1.0590152812595663)	(5.0, 0.8356292453688765)	(6.0, 0.8190821315991957)	(7.0, 0.7702681459786377)	(8.0, 0.7942614609446748)	(9.0, 0.6776043088684256)	('>10', 14.566424251449941)	('>50', 7.687789057393664)	('>100', 22.85404618299453)	('>500', 16.05235506796727)	('>1k', 24.242349028270745)	('>5k', 0.0)	('>10k+', 0.0)
Bch-16S-V3V4-017-2_S17_L002_R1_001	(1.0, 7.016475317477236)	(2.0, 2.181989828547066)	(3.0, 1.3909614154764443)	(4.0, 1.0049639126595)	(5.0, 0.7955964308554374)	(6.0, 0.849651307975759)	(7.0, 0.7247921551907909)	(8.0, 0.6212504187349637)	(9.0, 0.6372384809818192)	('>10', 15.722355879038888)	('>50', 7.507537229344946)	('>100', 27.0670280476292)	('>500', 18.752474342966774)	('>1k', 15.727685233121175)	('>5k', 0.0)	('>10k+', 0.0)
Bch-16S-V3V4-017-2_S17_L002_R2_001	(1.0, 6.545208149343729)	(2.0, 2.0769254194962996)	(3.0, 1.356701282090325)	(4.0, 0.9988732222797454)	(5.0, 0.8831501050644089)	(6.0, 0.7994031123427842)	(7.0, 0.6395224898742272)	(8.0, 0.6334317994944727)	(9.0, 0.5276060541462375)	('>10', 12.709748149952796)	('>50', 8.431799494472699)	('>100', 24.939093096202456)	('>500', 6.171392027286293)	('>1k', 33.287145597953526)	('>5k', 0.0)	('>10k+', 0.0)
Bch-16S-V3V4-018-2_S18_L002_R1_001	(1.0, 7.863212209697751)	(2.0, 2.4321456748252066)	(3.0, 1.4990070098754908)	(4.0, 1.1208546062952853)	(5.0, 0.934045505246071)	(6.0, 0.8215973084980004)	(7.0, 0.6665276178212255)	(8.0, 0.667434458117581)	(9.0, 0.5713093867039076)	('>10', 15.442583406636256)	('>50', 7.414326263001823)	('>100', 29.35532723332094)	('>500', 16.461871899739737)	('>1k', 14.749757420220725)	('>5k', 0.0)	('>10k+', 0.0)
Bch-16S-V3V4-018-2_S18_L002_R2_001	(1.0, 6.444913986197891)	(2.0, 2.0041170549454534)	(3.0, 1.3140115894189874)	(4.0, 1.0664441885139608)	(5.0, 0.8478956770923073)	(6.0, 0.8107152249417356)	(7.0, 0.8315725517579099)	(8.0, 0.6746891804884242)	(9.0, 0.636601888041497)	('>10', 12.870784326172318)	('>50', 9.359498698684176)	('>100', 24.708677554795823)	('>500', 12.730224080237228)	('>1k', 25.699853998712285)	('>5k', 0.0)	('>10k+', 0.0)
Bch-16S-V3V4-019-2_S19_L002_R1_001	(1.0, 7.505347424662233)	(2.0, 2.2851779316071155)	(3.0, 1.3998068609489085)	(4.0, 0.9097390817772402)	(5.0, 0.7897040640427433)	(6.0, 0.7093798792429672)	(7.0, 0.7897040640427433)	(8.0, 0.6281531755128564)	(9.0, 0.6416909594678748)	('>10', 16.11537802005397)	('>50', 9.279699641699985)	('>100', 30.129691970289073)	('>500', 15.138852537431974)	('>1k', 13.677674389220314)	('>5k', 0.0)	('>10k+', 0.0)
Bch-16S-V3V4-019-2_S19_L002_R2_001	(1.0, 6.194889937816446)	(2.0, 2.092038880515519)	(3.0, 1.3348254979648198)	(4.0, 1.1299537007788738)	(5.0, 0.8709307677728542)	(6.0, 0.8122670373011074)	(7.0, 0.71389247389464)	(8.0, 0.707574841382298)	(9.0, 0.6092002779758305)	('>10', 13.19211920470032)	('>50', 8.406061317136126)	('>100', 22.981742042039333)	('>500', 6.86636402198536)	('>1k', 34.08813999873647)	('>5k', 0.0)	('>10k+', 0.0)
Bch-16S-V3V4-020-2_S20_L002_R1_001	(1.0, 6.970296178480849)	(2.0, 2.3169840519279545)	(3.0, 1.4185616644456862)	(4.0, 1.0015905085328634)	(5.0, 0.918841078106865)	(6.0, 0.7802089154451275)	(7.0, 0.7673129003138031)	(8.0, 0.6190087263035722)	(9.0, 0.6190087263035722)	('>10', 15.753557150840392)	('>50', 9.426987060998151)	('>100', 31.699479860723034)	('>500', 17.258092249494904)	('>1k', 10.450070928083223)	('>5k', 0.0)	('>10k+', 0.0)
Bch-16S-V3V4-020-2_S20_L002_R2_001	(1.0, 6.542578343291923)	(2.0, 2.2310106177191247)	(3.0, 1.4572497098396595)	(4.0, 1.061771912479044)	(5.0, 0.8758543610024502)	(6.0, 0.6254567338692344)	(7.0, 0.7447448738339854)	(8.0, 0.6705927868288699)	(9.0, 0.6286807376520656)	('>10', 14.26084339938959)	('>50', 8.446889911017495)	('>100', 21.861969651377724)	('>500', 0.951081115935176)	('>1k', 39.64127584576366)	('>5k', 0.0)	('>10k+', 0.0)
Bch-16S-V3V4-021-2_S21_L002_R1_001	(1.0, 9.08462904888265)	(2.0, 2.355314809535297)	(3.0, 1.4901642579881138)	(4.0, 1.0000219303054891)	(5.0, 0.8717296431939296)	(6.0, 0.7368582644356236)	(7.0, 0.7675606921204412)	(8.0, 0.6228206758920152)	(9.0, 0.5230377859163579)	('>10', 15.829294502072413)	('>50', 11.72503782977697)	('>100', 36.2036448167723)	('>500', 17.641834250751113)	('>1k', 1.1480514923572886)	('>5k', 0.0)	('>10k+', 0.0)
Bch-16S-V3V4-021-2_S21_L002_R2_001	(1.0, 6.724928178249523)	(2.0, 2.0965372047632624)	(3.0, 1.4638478914011273)	(4.0, 0.995635869207658)	(5.0, 0.8607644904493519)	(6.0, 0.6118555231474375)	(7.0, 0.614048553696353)	(8.0, 0.7807188754139345)	(9.0, 0.730279172788877)	('>10', 12.434483212351148)	('>50', 12.229434856027545)	('>100', 30.177196868352375)	('>500', 8.573652930985329)	('>1k', 21.706616373166078)	('>5k', 0.0)	('>10k+', 0.0)
Bch-16S-V3V4-022-2_S22_L002_R1_001	(1.0, 6.646603441107174)	(2.0, 2.035361435048607)	(3.0, 1.3245688716415547)	(4.0, 1.0176807175243034)	(5.0, 0.9008652266022531)	(6.0, 0.6711940919080523)	(7.0, 0.8107787039420278)	(8.0, 0.7127724869820026)	(9.0, 0.6236759261092522)	('>10', 15.93739481656008)	('>50', 9.546201516621458)	('>100', 29.877046745995607)	('>500', 15.436474152097729)	('>1k', 14.4593818678599)	('>5k', 0.0)	('>10k+', 0.0)
Bch-16S-V3V4-022-2_S22_L002_R2_001	(1.0, 6.699071415843348)	(2.0, 2.255132951868058)	(3.0, 1.6304670639713308)	(4.0, 1.0374799532738037)	(5.0, 1.0048112142871286)	(6.0, 0.7721701942305027)	(7.0, 0.8038489714297029)	(8.0, 0.6018967667848021)	(9.0, 0.552398677411052)	('>10', 13.436751341398223)	('>50', 6.412972459263072)	('>100', 24.804482546973684)	('>500', 4.654800324707466)	('>1k', 35.333716118557824)	('>5k', 0.0)	('>10k+', 0.0)
Bch-16S-V3V4-023-2_S23_L002_R1_001	(1.0, 5.948418437605962)	(2.0, 2.0289393740182273)	(3.0, 1.237293178971552)	(4.0, 0.910669923672574)	(5.0, 0.7819582171352649)	(6.0, 0.647710523220007)	(7.0, 0.6297185642416736)	(8.0, 0.5535987377948778)	(9.0, 0.5106948356157748)	('>10', 12.568767343210457)	('>50', 8.625068334844196)	('>100', 28.664650644596527)	('>500', 17.344940453535767)	('>1k', 19.547571431537136)	('>5k', 0.0)	('>10k+', 0.0)
Bch-16S-V3V4-023-2_S23_L002_R2_001	(1.0, 5.9511864312949365)	(2.0, 1.785355929388481)	(3.0, 1.2808890795728987)	(4.0, 1.0435336207433448)	(5.0, 0.7577382723567391)	(6.0, 0.7058383906884692)	(7.0, 0.5667467078175061)	(8.0, 0.5646707125507754)	(9.0, 0.46709893501442823)	('>10', 11.57644160571314)	('>50', 7.541398805610723)	('>100', 24.224096769059365)	('>500', 4.776173110325308)	('>1k', 38.758831629863884)	('>5k', 0.0)	('>10k+', 0.0)
Bch-16S-V3V4-024-2_S24_L002_R1_001	(1.0, 7.525641425320323)	(2.0, 2.431648844966799)	(3.0, 1.393521838077127)	(4.0, 1.3031143810206691)	(5.0, 1.1534744520996354)	(6.0, 0.8043146179505565)	(7.0, 0.8401658509212209)	(8.0, 0.9477195498332138)	(9.0, 0.8136671135081212)	('>10', 17.788446550487887)	('>50', 12.247092932630856)	('>100', 30.267793122798263)	('>500', 6.026124637590797)	('>1k', 16.457274682794527)	('>5k', 0.0)	('>10k+', 0.0)
Bch-16S-V3V4-024-2_S24_L002_R2_001	(1.0, 8.113289896187299)	(2.0, 2.562583782772703)	(3.0, 1.8003553948311874)	(4.0, 1.2844093899055398)	(5.0, 1.07553698911993)	(6.0, 0.7388471490476043)	(7.0, 0.7856096268354272)	(8.0, 0.598559715684135)	(9.0, 0.8276958568444679)	('>10', 17.80403404308383)	('>50', 9.414845527948374)	('>100', 19.261464600804317)	('>500', 25.033513109081273)	('>1k', 10.699254917853914)	('>5k', 0.0)	('>10k+', 0.0)
Bch-16S-V3V4-025-2_S25_L002_R1_001	(1.0, 5.305504283212646)	(2.0, 1.7984760282076766)	(3.0, 1.1642765866818117)	(4.0, 0.8481234322495149)	(5.0, 0.7241232429362487)	(6.0, 0.6076955842680676)	(7.0, 0.6095887169293388)	(8.0, 0.5830848596715414)	(9.0, 0.5622604003975579)	('>10', 12.244782053102371)	('>50', 7.046239765251549)	('>100', 27.783614936816697)	('>500', 18.380425008282455)	('>1k', 22.341805101992524)	('>5k', 0.0)	('>10k+', 0.0)
Bch-16S-V3V4-025-2_S25_L002_R2_001	(1.0, 5.415305977566378)	(2.0, 1.4898954044204649)	(3.0, 1.056368024989351)	(4.0, 0.9238487387003644)	(5.0, 0.828245539306167)	(6.0, 0.8121539116853614)	(7.0, 0.6559704671304842)	(8.0, 0.6436651048322212)	(9.0, 0.579298594348999)	('>10', 11.343650906337261)	('>50', 7.784561503147333)	('>100', 18.72308201997255)	('>500', 6.2321927209049175)	('>1k', 43.51176108665815)	('>5k', 0.0)	('>10k+', 0.0)
Bch-16S-V3V4-026-2_S26_L002_R1_001	(1.0, 6.529383836676886)	(2.0, 2.2258165753325447)	(3.0, 1.3977741834246675)	(4.0, 1.1555577014380096)	(5.0, 0.7845882722159186)	(6.0, 0.8063153320618979)	(7.0, 0.5689270855965687)	(8.0, 0.4763859047711014)	(9.0, 0.5214494363035029)	('>10', 14.375266558836072)	('>50', 9.806146343818652)	('>100', 30.304420249619778)	('>500', 10.069285179731068)	('>1k', 20.978683340173333)	('>5k', 0.0)	('>10k+', 0.0)
Bch-16S-V3V4-026-2_S26_L002_R2_001	(1.0, 6.642847371428112)	(2.0, 2.166268337236157)	(3.0, 1.467783598483934)	(4.0, 1.1330259356718089)	(5.0, 0.9254118082546734)	(6.0, 0.8304565096685417)	(7.0, 0.6139906171289703)	(8.0, 0.663077678262479)	(9.0, 0.5576612027134683)	('>10', 12.90748296035214)	('>50', 7.573087415204113)	('>100', 18.94599618569394)	('>500', 9.155139254359494)	('>1k', 36.41777112554217)	('>5k', 0.0)	('>10k+', 0.0)
Bch-16S-V3V4-027-2_S27_L002_R1_001	(1.0, 7.3614225510640345)	(2.0, 2.3051888562179896)	(3.0, 1.4030066922023192)	(4.0, 0.9423179275985726)	(5.0, 0.9248675956060064)	(6.0, 0.7119735452966992)	(7.0, 0.7145910950955842)	(8.0, 0.7189536780937258)	(9.0, 0.620359302335727)	('>10', 16.06215808255752)	('>50', 10.409123033565713)	('>100', 34.71830801581)	('>500', 16.348343527235606)	('>1k', 6.759386097320501)	('>5k', 0.0)	('>10k+', 0.0)
Bch-16S-V3V4-027-2_S27_L002_R2_001	(1.0, 7.473104675816457)	(2.0, 2.2196822294544156)	(3.0, 1.4710629869733272)	(4.0, 1.0644702515465356)	(5.0, 0.9117798466115817)	(6.0, 0.8166755372520962)	(7.0, 0.8123129542539546)	(8.0, 0.5444503581680642)	(9.0, 0.5104222107825601)	('>10', 13.659247367181159)	('>50', 10.120320039088744)	('>100', 29.12809416199143)	('>500', 10.011255464135205)	('>1k', 21.257121916744463)	('>5k', 0.0)	('>10k+', 0.0)
Bch-16S-V3V4-028-2_S28_L002_R1_001	(1.0, 7.473736947998759)	(2.0, 2.3030370505857)	(3.0, 1.5149466786483972)	(4.0, 1.1165276308778738)	(5.0, 1.002011976428861)	(6.0, 0.7872951243369622)	(7.0, 0.8016095811430889)	(8.0, 0.788885619537643)	(9.0, 0.6298360994695699)	('>10', 16.767000405576276)	('>50', 11.003045798309303)	('>100', 25.00258455470111)	('>500', 13.261548983275942)	('>1k', 17.547933549110514)	('>5k', 0.0)	('>10k+', 0.0)
Bch-16S-V3V4-028-2_S28_L002_R2_001	(1.0, 7.36637852195281)	(2.0, 2.427095676238797)	(3.0, 1.6032191622861778)	(4.0, 1.1865094197078259)	(5.0, 0.9741783104169482)	(6.0, 0.9876975196227344)	(7.0, 0.762642448726411)	(8.0, 0.6998178882995221)	(9.0, 0.6155216426634432)	('>10', 12.529921190962806)	('>50', 11.271839487224348)	('>100', 19.739635935648565)	('>500', 10.665065568164648)	('>1k', 29.170477228084962)	('>5k', 0.0)	('>10k+', 0.0)
Bch-16S-V3V4-029-2_S29_L002_R1_001	(1.0, 8.318481246984453)	(2.0, 2.434101046702837)	(3.0, 1.479957068444322)	(4.0, 1.181602449855746)	(5.0, 1.004362082377384)	(6.0, 1.0161781068759417)	(7.0, 0.8684778006439733)	(8.0, 0.7010841202477427)	(9.0, 0.8773398190178914)	('>10', 18.674242051261853)	('>50', 10.059375523105253)	('>100', 28.759218960780647)	('>500', 16.76496942603661)	('>1k', 7.8606102976653505)	('>5k', 0.0)	('>10k+', 0.0)
Bch-16S-V3V4-029-2_S29_L002_R2_001	(1.0, 8.136317535965025)	(2.0, 2.4636411079492304)	(3.0, 1.6069793318038146)	(4.0, 1.3076400445070258)	(5.0, 1.043748830705909)	(6.0, 0.8980178618903669)	(7.0, 0.8133363529840385)	(8.0, 0.8113670155676123)	(9.0, 0.7178234882873658)	('>10', 14.812371377649992)	('>50', 12.91393010821509)	('>100', 21.74936242701143)	('>500', 12.703211004657483)	('>1k', 20.022253512805616)	('>5k', 0.0)	('>10k+', 0.0)
Bch-16S-V3V4-030-2_S30_L002_R1_001	(1.0, 8.942255401196421)	(2.0, 2.6499233697533002)	(3.0, 1.842833835961833)	(4.0, 1.3397933455282542)	(5.0, 1.3472091758540563)	(6.0, 1.119790379196124)	(7.0, 0.8997874128639937)	(8.0, 1.0876551144509814)	(9.0, 1.0345083304493994)	('>10', 20.818707667968557)	('>50', 9.714737726800811)	('>100', 30.292430909180794)	('>500', 12.682305828842635)	('>1k', 6.228061501952835)	('>5k', 0.0)	('>10k+', 0.0)
Bch-16S-V3V4-030-2_S30_L002_R2_001	(1.0, 9.259900133484946)	(2.0, 3.0306026598111435)	(3.0, 1.8576654966134376)	(4.0, 1.4485588569733525)	(5.0, 0.9949572353784545)	(6.0, 0.9269787907252682)	(7.0, 0.7613585801156869)	(8.0, 0.8898996390962575)	(9.0, 0.8231571661640381)	('>10', 19.402284075740347)	('>50', 9.143718791714045)	('>100', 27.845206901666092)	('>500', 5.4160280812775)	('>1k', 18.19968359123943)	('>5k', 0.0)	('>10k+', 0.0)
Bch-16S-V3V4-031-2_S31_L002_R1_001	(1.0, 14.554152692838823)	(2.0, 3.9998027224304593)	(3.0, 2.1934799763266914)	(4.0, 1.509173406983626)	(5.0, 1.2638094298678242)	(6.0, 1.2058591438153483)	(7.0, 1.0270763464194121)	(8.0, 1.0061156046557507)	(9.0, 1.0209114223712763)	('>10', 19.49718879463405)	('>50', 10.791083053856775)	('>100', 28.255079897415662)	('>500', 12.363138686131386)	('>1k', 1.3131288222529098)	('>5k', 0.0)	('>10k+', 0.0)
Bch-16S-V3V4-031-2_S31_L002_R2_001	(1.0, 7.521207338725587)	(2.0, 2.505425133162359)	(3.0, 1.7570033537186822)	(4.0, 1.4746498323140658)	(5.0, 1.220654961530874)	(6.0, 0.9617281515091733)	(7.0, 0.7940422173998816)	(8.0, 1.0357072400868022)	(9.0, 0.8655553363582561)	('>10', 15.806865259420002)	('>50', 14.45674689287828)	('>100', 23.625221937265735)	('>500', 6.2771256658117975)	('>1k', 21.698066679818503)	('>5k', 0.0)	('>10k+', 0.0)
Bch-16S-V3V4-032-2_S32_L002_R1_001	(1.0, 7.971490475583573)	(2.0, 2.4901716649836767)	(3.0, 1.6117489044225057)	(4.0, 1.2627327183066832)	(5.0, 1.0686169743433889)	(6.0, 1.0529308536190822)	(7.0, 0.7754825933079088)	(8.0, 0.8470505191125577)	(9.0, 0.6705816609641082)	('>10', 20.005686218762563)	('>50', 9.845981902138215)	('>100', 29.91833413397908)	('>500', 11.260673914961618)	('>1k', 11.218517465515045)	('>5k', 0.0)	('>10k+', 0.0)
Bch-16S-V3V4-032-2_S32_L002_R2_001	(1.0, 8.05678375702199)	(2.0, 2.558798443152518)	(3.0, 1.6735130047744629)	(4.0, 1.3411633219282164)	(5.0, 1.2058705306810718)	(6.0, 1.0646954441623122)	(7.0, 0.7892079489416771)	(8.0, 0.7999921569396379)	(9.0, 0.6970519896863756)	('>10', 15.162596445132891)	('>50', 12.473407123459573)	('>100', 24.07525416417486)	('>500', 11.656748463250361)	('>1k', 18.444917206694054)	('>5k', 0.0)	('>10k+', 0.0)
Bch-16S-V3V4-033-2_S33_L002_R1_001	(1.0, 7.773669885008555)	(2.0, 2.386715252103448)	(3.0, 1.5001196904008298)	(4.0, 1.0745538207835732)	(5.0, 1.028450851575037)	(6.0, 0.8458121658642977)	(7.0, 0.7199155961025259)	(8.0, 0.7305547428429573)	(9.0, 0.8458121658642977)	('>10', 16.484471278736777)	('>50', 8.783502229787837)	('>100', 29.325034798875798)	('>500', 16.715872720341164)	('>1k', 11.785514801712903)	('>5k', 0.0)	('>10k+', 0.0)
Bch-16S-V3V4-033-2_S33_L002_R2_001	(1.0, 7.137094271706077)	(2.0, 2.303375269303402)	(3.0, 1.4921403303455063)	(4.0, 1.1596669947070246)	(5.0, 0.9708221400643668)	(6.0, 1.0160385137112002)	(7.0, 0.6826785825110159)	(8.0, 0.6596270979067479)	(9.0, 0.5824932840386201)	('>10', 10.922857320176254)	('>50', 12.084297506006685)	('>100', 25.454158576482165)	('>500', 11.98145242084918)	('>1k', 23.55329769219175)	('>5k', 0.0)	('>10k+', 0.0)
Bch-16S-V3V4-034-2_S34_L002_R1_001	(1.0, 7.586750648913458)	(2.0, 2.439737422595477)	(3.0, 1.4936083131793658)	(4.0, 1.14456817356331)	(5.0, 0.8460236886632826)	(6.0, 0.8982911207377681)	(7.0, 0.8557684641347969)	(8.0, 0.7654078188534829)	(9.0, 0.5979748584792834)	('>10', 17.48301308457579)	('>50', 10.10887571867719)	('>100', 29.682586086232405)	('>500', 13.186452990317237)	('>1k', 12.91094161107715)	('>5k', 0.0)	('>10k+', 0.0)
Bch-16S-V3V4-034-2_S34_L002_R2_001	(1.0, 7.639903969667172)	(2.0, 2.367094550898734)	(3.0, 1.5122119754431658)	(4.0, 1.1374810641294815)	(5.0, 1.0453486414897104)	(6.0, 0.8291918037579399)	(7.0, 0.6139208547053977)	(8.0, 0.7228851622505116)	(9.0, 0.629866850931512)	('>10', 12.346630522408555)	('>50', 11.685757567704043)	('>100', 21.383580939219176)	('>500', 16.36502157138934)	('>1k', 21.72110452600526)	('>5k', 0.0)	('>10k+', 0.0)
Bch-16S-V3V4-035-2_S35_L002_R1_001	(1.0, 9.643678375801537)	(2.0, 2.798601633919725)	(3.0, 1.7077639229029182)	(4.0, 1.4282776541848161)	(5.0, 1.098315604494214)	(6.0, 0.8973472172888898)	(7.0, 0.8833261670187508)	(8.0, 0.8225682825148156)	(9.0, 0.8496756463704175)	('>10', 17.48705389691724)	('>50', 10.798078181376306)	('>100', 23.989082275522986)	('>500', 12.751677852348994)	('>1k', 14.844553289338394)	('>5k', 0.0)	('>10k+', 0.0)
Bch-16S-V3V4-035-2_S35_L002_R2_001	(1.0, 8.053691275167784)	(2.0, 2.3517974986446317)	(3.0, 1.5927913106877793)	(4.0, 1.3048924118075937)	(5.0, 1.0515787702604176)	(6.0, 0.8973472172888898)	(7.0, 0.7590061879568525)	(8.0, 0.7477893477407415)	(9.0, 0.6309472621562505)	('>10', 13.171374623768484)	('>50', 14.193041820119273)	('>100', 17.643154923258116)	('>500', 9.972705688807464)	('>1k', 27.62988166233572)	('>5k', 0.0)	('>10k+', 0.0)
Bch-16S-V3V4-036-2_S36_L002_R1_001	(1.0, 7.605745542611382)	(2.0, 2.3445655350954113)	(3.0, 1.6128022046849555)	(4.0, 1.1315712555847843)	(5.0, 1.0230072236836611)	(6.0, 1.0898158586997369)	(7.0, 0.8914777234957618)	(8.0, 0.9186187314710427)	(9.0, 0.9019165727170236)	('>10', 18.00075159714393)	('>50', 11.139296004008518)	('>100', 31.407365652010522)	('>500', 15.111278132698652)	('>1k', 6.821787966094618)	('>5k', 0.0)	('>10k+', 0.0)
Bch-16S-V3V4-036-2_S36_L002_R2_001	(1.0, 7.940832602613888)	(2.0, 2.4385151780867678)	(3.0, 1.7067518476763122)	(4.0, 1.2526619065514217)	(5.0, 0.9499352791348281)	(6.0, 0.9833395966428661)	(7.0, 0.7891770011273956)	(8.0, 0.768299302684872)	(9.0, 0.6106726794438181)	('>10', 14.479727754812311)	('>50', 14.207273790137375)	('>100', 25.04279928180717)	('>500', 7.660027558561944)	('>1k', 21.16998622071903)	('>5k', 0.0)	('>10k+', 0.0)
Bch-16S-V3V4-037-2_S37_L002_R1_001	(1.0, 13.207260344775165)	(2.0, 3.6058496245173455)	(3.0, 2.1556048767139946)	(4.0, 1.641786506947189)	(5.0, 1.297214030180495)	(6.0, 1.1735733179289167)	(7.0, 0.9648029349467433)	(8.0, 0.8756194703718343)	(9.0, 0.9212246511203673)	('>10', 17.089781399166945)	('>50', 8.522088109209207)	('>100', 30.322377955469076)	('>500', 15.984109128130289)	('>1k', 2.2387076505224326)	('>5k', 0.0)	('>10k+', 0.0)
Bch-16S-V3V4-037-2_S37_L002_R2_001	(1.0, 8.399460845418707)	(2.0, 2.3572811204686186)	(3.0, 1.5475358000668877)	(4.0, 1.36207473168952)	(5.0, 0.8817001611383053)	(6.0, 0.857377398072421)	(7.0, 0.8300142896233011)	(8.0, 0.5513159628267105)	(9.0, 0.6111094220303427)	('>10', 14.353470554254963)	('>50', 11.269546887193052)	('>100', 28.723156283887185)	('>500', 7.059681979872913)	('>1k', 21.196274563457077)	('>5k', 0.0)	('>10k+', 0.0)
Bch-16S-V3V4-038-2_S38_L002_R1_001	(1.0, 7.702869696553619)	(2.0, 2.2274093398629993)	(3.0, 1.3410224724243671)	(4.0, 1.046577265168505)	(5.0, 0.7818817032053336)	(6.0, 0.7139914870245778)	(7.0, 0.742215509481746)	(8.0, 0.7567089264192106)	(9.0, 0.6522037621859124)	('>10', 17.511861717546186)	('>50', 9.489374036950585)	('>100', 34.30362945672571)	('>500', 17.13732131142539)	('>1k', 5.592933315025859)	('>5k', 0.0)	('>10k+', 0.0)
Bch-16S-V3V4-038-2_S38_L002_R2_001	(1.0, 6.6234915404213766)	(2.0, 2.032129616916106)	(3.0, 1.3730605519703418)	(4.0, 1.0984484415762736)	(5.0, 0.9573283292904328)	(6.0, 0.8467206737150441)	(7.0, 0.7101774299357713)	(8.0, 0.6529665736036737)	(9.0, 0.6453384594260607)	('>10', 12.333135002364717)	('>50', 9.511495568065662)	('>100', 29.76108746395716)	('>500', 8.240651746075335)	('>1k', 25.213968602682048)	('>5k', 0.0)	('>10k+', 0.0)
Bch-16S-V3V4-039-2_S39_L002_R1_001	(1.0, 7.590259449230616)	(2.0, 2.2887306409043373)	(3.0, 1.3535182510831134)	(4.0, 1.314675563965938)	(5.0, 1.035804989791345)	(6.0, 1.0696678452268313)	(7.0, 0.7180917284995767)	(8.0, 0.7808376076888601)	(9.0, 0.7888053383795628)	('>10', 19.453214481350532)	('>50', 9.657885563467955)	('>100', 29.09217668442807)	('>500', 11.329117075842836)	('>1k', 13.527214780140431)	('>5k', 0.0)	('>10k+', 0.0)
Bch-16S-V3V4-039-2_S39_L002_R2_001	(1.0, 7.2765300532841986)	(2.0, 2.3026741696130673)	(3.0, 1.5537074846870176)	(4.0, 1.2867885065484788)	(5.0, 1.1254419600617498)	(6.0, 0.8963697027040486)	(7.0, 0.8017529007519546)	(8.0, 0.7808376076888601)	(9.0, 0.6095313978387531)	('>10', 13.502315621731986)	('>50', 9.68776455355809)	('>100', 20.3844430058264)	('>500', 8.70474577959265)	('>1k', 31.087097256112745)	('>5k', 0.0)	('>10k+', 0.0)
Bch-16S-V3V4-040-2_S40_L002_R1_001	(1.0, 8.468592719151083)	(2.0, 2.5072304161220265)	(3.0, 1.5037207052357475)	(4.0, 1.1898022828559371)	(5.0, 0.8748546197470126)	(6.0, 1.0189483218229913)	(7.0, 0.9582231188052573)	(8.0, 0.7328193991292624)	(9.0, 0.8058954908963658)	('>10', 19.078006154859562)	('>50', 10.917156413713604)	('>100', 35.46660628454389)	('>500', 13.7280128449243)	('>1k', 2.7501312281929624)	('>5k', 0.0)	('>10k+', 0.0)
Bch-16S-V3V4-040-2_S40_L002_R2_001	(1.0, 8.07233503844214)	(2.0, 2.2807974557169177)	(3.0, 1.5191593161724595)	(4.0, 1.2556736895192417)	(5.0, 0.9314628598482899)	(6.0, 0.8583867680811865)	(7.0, 0.8429481571444745)	(8.0, 0.8645622124558713)	(9.0, 0.722526991838121)	('>10', 15.910003190646261)	('>50', 12.030794882615096)	('>100', 24.409473131670765)	('>500', 8.540639570189072)	('>1k', 21.761236735660102)	('>5k', 0.0)	('>10k+', 0.0)
Bch-16S-V3V4-041-2_S41_L002_R1_001	(1.0, 8.872660451632832)	(2.0, 2.523504391974844)	(3.0, 1.5825366525943938)	(4.0, 1.1912588215725568)	(5.0, 0.9979960872216898)	(6.0, 0.9789866379412766)	(7.0, 0.8760187876723722)	(8.0, 0.6589942417209887)	(9.0, 0.6985972610551828)	('>10', 16.247534712046445)	('>50', 9.169683096639288)	('>100', 24.55704022874704)	('>500', 13.910164510942312)	('>1k', 17.735024118238773)	('>5k', 0.0)	('>10k+', 0.0)
Bch-16S-V3V4-041-2_S41_L002_R2_001	(1.0, 6.371333750485136)	(2.0, 2.04509991841778)	(3.0, 1.342542355429178)	(4.0, 1.042351468875987)	(5.0, 0.8316634060180748)	(6.0, 0.7223590726556993)	(7.0, 0.7817636016569903)	(8.0, 0.6146388600666914)	(9.0, 0.584540565372704)	('>10', 12.2008981964785)	('>50', 10.67222165017861)	('>100', 20.183282773478652)	('>500', 6.968547282044783)	('>1k', 35.63875709884122)	('>5k', 0.0)	('>10k+', 0.0)
Bch-16S-V3V4-042-2_S42_L002_R1_001	(1.0, 7.220698482355092)	(2.0, 2.2216127262753704)	(3.0, 1.2643993417443773)	(4.0, 1.086121777290181)	(5.0, 0.8365331870543061)	(6.0, 0.8612177729018101)	(7.0, 0.7359663558237338)	(8.0, 0.863046260742366)	(9.0, 0.6088864509051015)	('>10', 17.124702870725912)	('>50', 10.618943134028157)	('>100', 34.47979520936186)	('>500', 17.164929603218138)	('>1k', 4.9131468275735966)	('>5k', 0.0)	('>10k+', 0.0)
Bch-16S-V3V4-042-2_S42_L002_R2_001	(1.0, 7.169500822819528)	(2.0, 2.0515633571036753)	(3.0, 1.5523861766319254)	(4.0, 1.243371731577985)	(5.0, 1.0193819711098921)	(6.0, 0.8612177729018101)	(7.0, 0.7359663558237338)	(8.0, 0.7387090875845675)	(9.0, 0.6335710367526056)	('>10', 14.01993051746206)	('>50', 10.620771621868714)	('>100', 26.18851709636131)	('>500', 8.14499908575608)	('>1k', 25.020113366246115)	('>5k', 0.0)	('>10k+', 0.0)
Bch-16S-V3V4-043-2_S43_L002_R1_001	(1.0, 7.412300408404139)	(2.0, 2.1245062601849556)	(3.0, 1.3620177444556958)	(4.0, 0.9388600897282001)	(5.0, 0.7779126457747942)	(6.0, 0.792666161470523)	(7.0, 0.779253874474406)	(8.0, 0.6169652018213886)	(9.0, 0.5613042107875025)	('>10', 15.707799915502592)	('>50', 9.334281134947725)	('>100', 29.71089815379869)	('>500', 15.62263189307725)	('>1k', 14.258602305572134)	('>5k', 0.0)	('>10k+', 0.0)
Bch-16S-V3V4-043-2_S43_L002_R2_001	(1.0, 6.507641650516039)	(2.0, 2.0051369059195125)	(3.0, 1.2755084933307403)	(4.0, 1.1427268520691807)	(5.0, 0.821502578512175)	(6.0, 0.7966898475693583)	(7.0, 0.741699470885278)	(8.0, 0.7403582421856663)	(9.0, 0.6035529148252714)	('>10', 11.029594211256931)	('>50', 9.788287049766291)	('>100', 24.726892306041563)	('>500', 12.596149332403414)	('>1k', 27.224260144718578)	('>5k', 0.0)	('>10k+', 0.0)
Bch-16S-V3V4-044-2_S44_L002_R1_001	(1.0, 6.806102938307254)	(2.0, 2.150856518515628)	(3.0, 1.3298474265423186)	(4.0, 0.9927030085456744)	(5.0, 0.9443165411480079)	(6.0, 0.8381784836305459)	(7.0, 0.7320404261130838)	(8.0, 0.6305849299566864)	(9.0, 0.681312678034885)	('>10', 15.48679127482733)	('>50', 8.921840246614899)	('>100', 28.448121122253873)	('>500', 16.20478401685722)	('>1k', 15.832520388652593)	('>5k', 0.0)	('>10k+', 0.0)
Bch-16S-V3V4-044-2_S44_L002_R2_001	(1.0, 6.984820696921217)	(2.0, 2.004136262535607)	(3.0, 1.3275061458617863)	(4.0, 1.1113278963593087)	(5.0, 0.9052951964724705)	(6.0, 0.7773051859367074)	(7.0, 0.7757443321496859)	(8.0, 0.6742888359932884)	(9.0, 0.6883365200764818)	('>10', 12.576579388925744)	('>50', 10.373434268544894)	('>100', 19.444336051820347)	('>500', 8.73609864595934)	('>1k', 33.62079057244313)	('>5k', 0.0)	('>10k+', 0.0)
Bch-16S-V3V4-045-2_S45_L002_R1_001	(1.0, 7.449318245431645)	(2.0, 2.173617497700828)	(3.0, 1.3339197888760046)	(4.0, 1.0812107641249151)	(5.0, 0.947658842816586)	(6.0, 0.8157063457155423)	(7.0, 0.8005118157463313)	(8.0, 0.6397696829141509)	(9.0, 0.6477668039505777)	('>10', 17.083449958015116)	('>50', 9.26226558438962)	('>100', 31.607821184373623)	('>500', 11.567035867087847)	('>1k', 14.58994761885721)	('>5k', 0.0)	('>10k+', 0.0)
Bch-16S-V3V4-045-2_S45_L002_R2_001	(1.0, 7.754808269023152)	(2.0, 2.231196769163101)	(3.0, 1.4346835139349834)	(4.0, 1.0172337958335)	(5.0, 0.983645887480507)	(6.0, 0.6957495301691391)	(7.0, 0.5877883961773762)	(8.0, 0.665360470230717)	(9.0, 0.7125434843456356)	('>10', 13.121676196569235)	('>50', 10.019592946539246)	('>100', 30.420248710464232)	('>500', 11.038426166580031)	('>1k', 19.31704586348914)	('>5k', 0.0)	('>10k+', 0.0)
Bch-16S-V3V4-046-2_S46_L002_R1_001	(1.0, 7.14863184079602)	(2.0, 2.2838930348258706)	(3.0, 1.3969216417910446)	(4.0, 1.1007462686567164)	(5.0, 0.8589863184079602)	(6.0, 0.816231343283582)	(7.0, 0.740049751243781)	(8.0, 0.7898009950248756)	(9.0, 0.7346082089552239)	('>10', 16.482431592039802)	('>50', 9.341573383084576)	('>100', 33.68858830845771)	('>500', 17.39972014925373)	('>1k', 7.217817164179105)	('>5k', 0.0)	('>10k+', 0.0)
Bch-16S-V3V4-046-2_S46_L002_R2_001	(1.0, 7.28544776119403)	(2.0, 2.2030472636815923)	(3.0, 1.4878731343283582)	(4.0, 1.1567164179104477)	(5.0, 1.1077425373134329)	(6.0, 0.9281716417910448)	(7.0, 0.9032960199004976)	(8.0, 0.7151741293532339)	(9.0, 0.6996268656716418)	('>10', 11.662779850746269)	('>50', 10.739272388059701)	('>100', 27.885572139303484)	('>500', 7.895677860696518)	('>1k', 25.32960199004975)	('>5k', 0.0)	('>10k+', 0.0)
Bch-16S-V3V4-047-2_S47_L002_R1_001	(1.0, 7.971500023592696)	(2.0, 2.3083093474260368)	(3.0, 1.5203133109989146)	(4.0, 1.1060255744821403)	(5.0, 0.839899966970226)	(6.0, 0.9229462558391922)	(7.0, 0.8785919879205397)	(8.0, 0.6794696362006323)	(9.0, 0.704949747558156)	('>10', 18.98645779266739)	('>50', 11.01873260038692)	('>100', 31.993582786769213)	('>500', 15.515500401075826)	('>1k', 5.553720568112112)	('>5k', 0.0)	('>10k+', 0.0)
Bch-16S-V3V4-047-2_S47_L002_R2_001	(1.0, 7.729910819610248)	(2.0, 2.2743358656160053)	(3.0, 1.5769357806823008)	(4.0, 1.2721181522200726)	(5.0, 1.0286415325815128)	(6.0, 0.9399329967442079)	(7.0, 0.739866937196244)	(8.0, 0.739866937196244)	(9.0, 0.6285094134855849)	('>10', 15.732553201528807)	('>50', 12.087953569574859)	('>100', 24.7742179021375)	('>500', 8.985042230925306)	('>1k', 21.49011466050111)	('>5k', 0.0)	('>10k+', 0.0)
Bch-16S-V3V4-048-2_S48_L002_R1_001	(1.0, 7.741522151232185)	(2.0, 2.350277329214351)	(3.0, 1.5744576283086429)	(4.0, 1.1128273537878257)	(5.0, 0.8644597346064733)	(6.0, 0.8161904093238784)	(7.0, 0.8354981394369163)	(8.0, 0.6950782840693674)	(9.0, 0.7345713683914906)	('>10', 18.32566874956119)	('>50', 8.955276276065435)	('>100', 33.361124763041495)	('>500', 15.087235835147089)	('>1k', 7.5458119778136625)	('>5k', 0.0)	('>10k+', 0.0)
Bch-16S-V3V4-048-2_S48_L002_R2_001	(1.0, 7.465948185073369)	(2.0, 2.2712911605701045)	(3.0, 1.545496033139086)	(4.0, 1.3936670645229234)	(5.0, 0.969774626132135)	(6.0, 0.9530997683072386)	(7.0, 0.8785017201432284)	(8.0, 0.8074141683634066)	(9.0, 0.6476865828828197)	('>10', 13.510145334550305)	('>50', 11.75577476655199)	('>100', 24.125886400337006)	('>500', 10.239240328582461)	('>1k', 23.436073860843923)	('>5k', 0.0)	('>10k+', 0.0)
Bch-16S-V3V4-049-2_S49_L002_R1_001	(1.0, 9.221291468962958)	(2.0, 2.641907328217445)	(3.0, 1.7515084060687716)	(4.0, 1.3473141585144397)	(5.0, 0.9958408997715424)	(6.0, 0.9899830121258274)	(7.0, 0.8679436861734325)	(8.0, 0.7810516860953274)	(9.0, 0.711733348954367)	('>10', 18.22095952199637)	('>50', 10.233729717064028)	('>100', 33.70921445726671)	('>500', 14.901489856091226)	('>1k', 3.626032452697557)	('>5k', 0.0)	('>10k+', 0.0)
Bch-16S-V3V4-049-2_S49_L002_R2_001	(1.0, 7.028488860250327)	(2.0, 2.3060551031964542)	(3.0, 1.5992033272801829)	(4.0, 1.3707457090972996)	(5.0, 1.269208989904907)	(6.0, 1.1305723156229863)	(7.0, 0.9226173042001055)	(8.0, 0.8903989221486731)	(9.0, 0.6853728545486498)	('>10', 13.041610528576728)	('>50', 13.27299709058247)	('>100', 24.0827524261418)	('>500', 9.484896413020131)	('>1k', 22.915080155429283)	('>5k', 0.0)	('>10k+', 0.0)
Bch-16S-V3V4-050-2_S50_L002_R1_001	(1.0, 7.4230755057670335)	(2.0, 2.3215535984080775)	(3.0, 1.3995651693260125)	(4.0, 1.1320337546523196)	(5.0, 0.777536205181118)	(6.0, 0.7340531377823636)	(7.0, 0.73257913549766)	(8.0, 0.7252091240741423)	(9.0, 0.5107417916497771)	('>10', 14.83878100011055)	('>50', 9.746103106459815)	('>100', 30.528798319637396)	('>500', 14.616206655120315)	('>1k', 14.513763496333421)	('>5k', 0.0)	('>10k+', 0.0)
Bch-16S-V3V4-050-2_S50_L002_R2_001	(1.0, 7.182813133360357)	(2.0, 2.1771013745071306)	(3.0, 1.4636842687106164)	(4.0, 1.247005932859196)	(5.0, 1.0207465821572024)	(6.0, 0.857869329697461)	(7.0, 0.6500350075542617)	(8.0, 0.6013929321590448)	(9.0, 0.7163651103659211)	('>10', 10.654088513837197)	('>50', 12.589453513652945)	('>100', 22.94284556141062)	('>500', 13.542395990713786)	('>1k', 24.354202749014263)	('>5k', 0.0)	('>10k+', 0.0)
Bch-16S-V3V4-051-2_S51_L002_R1_001	(1.0, 13.530727527770406)	(2.0, 3.396898813360125)	(3.0, 2.134435303484096)	(4.0, 1.2131781476286156)	(5.0, 1.143673149587393)	(6.0, 1.107025059711112)	(7.0, 0.902301247298783)	(8.0, 0.9402130644121773)	(9.0, 0.7279068885771696)	('>10', 17.74778531801696)	('>50', 11.643982762760485)	('>100', 37.60852257648709)	('>500', 7.903350140905586)	('>1k', 0.0)	('>5k', 0.0)	('>10k+', 0.0)
Bch-16S-V3V4-051-2_S51_L002_R2_001	(1.0, 7.818680416019006)	(2.0, 2.527454474226283)	(3.0, 1.724987678659438)	(4.0, 1.4103195966182658)	(5.0, 1.1815849667007872)	(6.0, 0.9250483375668197)	(7.0, 0.911147337958575)	(8.0, 0.5863694380204977)	(9.0, 0.6596656177730599)	('>10', 15.85345818958436)	('>50', 14.069075330780603)	('>100', 29.564898712261943)	('>500', 6.499349180472887)	('>1k', 16.267960723357472)	('>5k', 0.0)	('>10k+', 0.0)
Bch-16S-V3V4-052-2_S52_L002_R1_001	(1.0, 7.860307897087412)	(2.0, 2.4782387866262674)	(3.0, 1.358214967511428)	(4.0, 1.085871411807976)	(5.0, 0.932623430302818)	(6.0, 0.8511830744172197)	(7.0, 0.6988107956635199)	(8.0, 0.7285846892130935)	(9.0, 0.7881324763122406)	('>10', 16.966740809499623)	('>50', 10.403348687321575)	('>100', 35.88980156575652)	('>500', 15.795926230800216)	('>1k', 4.162215177680088)	('>5k', 0.0)	('>10k+', 0.0)
Bch-16S-V3V4-052-2_S52_L002_R2_001	(1.0, 7.090565178555791)	(2.0, 2.2593130987617562)	(3.0, 1.6077902516769709)	(4.0, 1.2750232061229136)	(5.0, 0.9370019440601082)	(6.0, 0.7460987442422544)	(7.0, 0.8397989386482653)	(8.0, 0.6585284690964499)	(9.0, 0.7723698267859958)	('>10', 12.575091510937527)	('>50', 9.292081895721315)	('>100', 31.278350876578454)	('>500', 8.392735169973903)	('>1k', 22.275250888838293)	('>5k', 0.0)	('>10k+', 0.0)
Bch-16S-V3V4-053-2_S53_L002_R1_001	(1.0, 7.66620809051984)	(2.0, 2.3232807258899726)	(3.0, 1.3656809855780379)	(4.0, 0.9923793918971141)	(5.0, 0.8540336667027344)	(6.0, 0.769789621751967)	(7.0, 0.6654506669964293)	(8.0, 0.7481489496545222)	(9.0, 0.5008269828265809)	('>10', 15.753636405793516)	('>50', 10.812607237259055)	('>100', 31.59460838112315)	('>500', 14.5603079158487)	('>1k', 11.39304097815838)	('>5k', 0.0)	('>10k+', 0.0)
Bch-16S-V3V4-053-2_S53_L002_R2_001	(1.0, 6.931198120353052)	(2.0, 2.052772324671912)	(3.0, 1.5024809484797428)	(4.0, 1.1376810474085295)	(5.0, 1.0897624163356159)	(6.0, 0.8996336543366361)	(7.0, 0.8169353716785432)	(8.0, 0.7295998021424266)	(9.0, 0.542562564728796)	('>10', 11.8822747437899)	('>50', 10.100783701482385)	('>100', 26.153525110908443)	('>500', 11.207549503037423)	('>1k', 24.95324069064659)	('>5k', 0.0)	('>10k+', 0.0)
Bch-16S-V3V4-054-2_S54_L002_R1_001	(1.0, 8.523608687221254)	(2.0, 2.428737638161722)	(3.0, 1.5052356020942408)	(4.0, 1.44463835563312)	(5.0, 1.0362129144851657)	(6.0, 0.967132053519488)	(7.0, 0.9840992825286018)	(8.0, 0.8919914679076983)	(9.0, 0.7962478184991274)	('>10', 19.835902656583286)	('>50', 11.019003296490206)	('>100', 37.826013185960825)	('>500', 11.389858444832267)	('>1k', 1.351318596082994)	('>5k', 0.0)	('>10k+', 0.0)
Bch-16S-V3V4-054-2_S54_L002_R2_001	(1.0, 8.147905759162304)	(2.0, 2.472367655613729)	(3.0, 1.8106457242582898)	(4.0, 1.3913127787473338)	(5.0, 1.2301241031607524)	(6.0, 0.981675392670157)	(7.0, 0.8822959084739189)	(8.0, 0.7271669575334496)	(9.0, 0.6108202443280977)	('>10', 15.918896645336437)	('>50', 13.692553810354857)	('>100', 19.204479348458406)	('>500', 9.472561566802405)	('>1k', 23.457194105099866)	('>5k', 0.0)	('>10k+', 0.0)
